0,0,0,4,4,4,
4,0,0,4,4,4,
8,0,0,4,4,4,
12,0,0,4,4,4,
16,0,0,4,4,4,
20,0,0,4,4,4,
24,0,0,4,4,4,
28,0,0,4,4,4,
32,0,0,4,4,4,
36,0,0,4,4,4,
40,0,0,4,4,4,
44,0,0,4,4,4,
48,0,0,4,4,4,
52,0,0,4,4,4,
56,0,0,4,4,4,
60,0,0,4,4,4,
0,4,0,4,4,4,
4,4,0,4,4,4,
8,4,0,4,4,4,
12,4,0,4,4,4,
16,4,0,4,4,4,
20,4,0,4,4,4,
24,4,0,4,4,4,
28,4,0,4,4,4,
32,4,0,4,4,4,
36,4,0,4,4,4,
40,4,0,4,4,4,
44,4,0,4,4,4,
48,4,0,4,4,4,
52,4,0,4,4,4,
56,4,0,4,4,4,
60,4,0,4,4,4,
0,8,0,4,4,4,
4,8,0,4,4,4,
8,8,0,4,4,4,
12,8,0,4,4,4,
16,8,0,4,4,4,
20,8,0,4,4,4,
24,8,0,4,4,4,
28,8,0,4,4,4,
32,8,0,4,4,4,
36,8,0,4,4,4,
40,8,0,4,4,4,
44,8,0,4,4,4,
48,8,0,4,4,4,
52,8,0,4,4,4,
56,8,0,4,4,4,
60,8,0,4,4,4,
0,12,0,4,4,4,
4,12,0,4,4,4,
8,12,0,4,4,4,
12,12,0,4,4,4,
16,12,0,4,4,4,
20,12,0,4,4,4,
24,12,0,4,4,4,
28,12,0,4,4,4,
32,12,0,4,4,4,
36,12,0,4,4,4,
40,12,0,4,4,4,
44,12,0,2,2,2,
46,12,0,2,2,2,
44,14,0,2,2,2,
46,14,0,2,2,2,
44,12,2,2,2,2,
46,12,2,2,2,2,
44,14,2,2,2,2,
46,14,2,1,1,1,sea
47,14,2,1,1,1,sea
46,15,2,1,1,1,sea
47,15,2,1,1,1,sea
46,14,3,1,1,1,sea
47,14,3,1,1,1,sea
46,15,3,1,1,1,VIC
47,15,3,1,1,1,VIC
48,12,0,2,2,2,
50,12,0,2,2,2,
48,14,0,2,2,2,
50,14,0,2,2,2,
48,12,2,2,2,2,
50,12,2,2,2,2,
48,14,2,1,1,1,sea
49,14,2,1,1,1,sea
48,15,2,1,1,1,sea
49,15,2,1,1,1,sea
48,14,3,1,1,1,sea
49,14,3,1,1,1,sea
48,15,3,1,1,1,sea
49,15,3,1,1,1,VIC
50,14,2,1,1,1,sea
51,14,2,1,1,1,sea
50,15,2,1,1,1,VIC
51,15,2,1,1,1,sea
50,14,3,1,1,1,VIC
51,14,3,1,1,1,sea
50,15,3,1,1,1,VIC
51,15,3,1,1,1,NSW
52,12,0,4,4,4,
56,12,0,4,4,4,
60,12,0,4,4,4,
0,16,0,4,4,4,
4,16,0,4,4,4,
8,16,0,2,2,2,
10,16,0,2,2,2,
8,18,0,2,2,2,
10,18,0,2,2,2,
8,16,2,2,2,2,
10,16,2,2,2,2,
8,18,2,2,2,2,
10,18,2,1,1,1,sea
11,18,2,1,1,1,sea
10,19,2,1,1,1,sea
11,19,2,1,1,1,sea
10,18,3,1,1,1,sea
11,18,3,1,1,1,sea
10,19,3,1,1,1,sea
11,19,3,1,1,1,WA
12,16,0,4,4,4,
16,16,0,4,4,4,
20,16,0,4,4,4,
24,16,0,4,4,4,
28,16,0,4,4,4,
32,16,0,4,4,4,
36,16,0,4,4,4,
40,16,0,2,2,2,
42,16,0,2,2,2,
40,18,0,2,2,2,
42,18,0,2,2,2,
40,16,2,2,2,2,
42,16,2,2,2,2,
40,18,2,2,2,2,
42,18,2,1,1,1,sea
43,18,2,1,1,1,sea
42,19,2,1,1,1,sea
43,19,2,1,1,1,sea
42,18,3,1,1,1,sea
43,18,3,1,1,1,sea
42,19,3,1,1,1,sea
43,19,3,1,1,1,SA
44,16,0,2,2,2,
46,16,0,1,1,1,sea
47,16,0,1,1,1,sea
46,17,0,1,1,1,sea
47,17,0,1,1,1,sea
46,16,1,1,1,1,sea
47,16,1,1,1,1,sea
46,17,1,1,1,1,sea
47,17,1,1,1,1,NSW
44,18,0,1,1,1,sea
45,18,0,1,1,1,sea
44,19,0,1,1,1,sea
45,19,0,1,1,1,sea
44,18,1,1,1,1,sea
45,18,1,1,1,1,sea
44,19,1,1,1,1,sea
45,19,1,1,1,1,NSW
46,18,0,1,1,1,sea
47,18,0,1,1,1,NSW
46,19,0,1,1,1,NSW
47,19,0,1,1,1,NSW
46,18,1,1,1,1,NSW
47,18,1,1,1,1,NSW
46,19,1,1,1,1,NSW
47,19,1,1,1,1,NSW
44,16,2,1,1,1,sea
45,16,2,1,1,1,sea
44,17,2,1,1,1,sea
45,17,2,1,1,1,sea
44,16,3,1,1,1,sea
45,16,3,1,1,1,VIC
44,17,3,1,1,1,sea
45,17,3,1,1,1,VIC
46,16,2,1,1,1,VIC
47,16,2,1,1,1,VIC
46,17,2,1,1,1,VIC
47,17,2,1,1,1,NSW
46,16,3,1,1,1,VIC
47,16,3,1,1,1,VIC
46,17,3,1,1,1,VIC
47,17,3,1,1,1,NSW
44,18,2,1,1,1,sea
45,18,2,1,1,1,VIC
44,19,2,1,1,1,NSW
45,19,2,1,1,1,NSW
44,18,3,1,1,1,VIC
45,18,3,1,1,1,VIC
44,19,3,1,1,1,NSW
45,19,3,1,1,1,NSW
46,18,2,2,2,2,
48,16,0,1,1,1,sea
49,16,0,1,1,1,sea
48,17,0,1,1,1,sea
49,17,0,1,1,1,sea
48,16,1,1,1,1,sea
49,16,1,1,1,1,sea
48,17,1,1,1,1,sea
49,17,1,1,1,1,NSW
50,16,0,1,1,1,sea
51,16,0,1,1,1,sea
50,17,0,1,1,1,NSW
51,17,0,1,1,1,sea
50,16,1,1,1,1,NSW
51,16,1,1,1,1,sea
50,17,1,1,1,1,NSW
51,17,1,1,1,1,NSW
48,18,0,1,1,1,sea
49,18,0,1,1,1,NSW
48,19,0,1,1,1,NSW
49,19,0,1,1,1,NSW
48,18,1,1,1,1,NSW
49,18,1,1,1,1,NSW
48,19,1,1,1,1,NSW
49,19,1,1,1,1,NSW
50,18,0,2,2,2,
48,16,2,1,1,1,sea
49,16,2,1,1,1,NSW
48,17,2,1,1,1,NSW
49,17,2,1,1,1,NSW
48,16,3,1,1,1,NSW
49,16,3,1,1,1,NSW
48,17,3,1,1,1,NSW
49,17,3,1,1,1,NSW
50,16,2,2,2,2,
48,18,2,2,2,2,
50,18,2,2,2,2,
52,16,0,2,2,2,
54,16,0,2,2,2,
52,18,0,1,1,1,sea
53,18,0,1,1,1,sea
52,19,0,1,1,1,NSW
53,19,0,1,1,1,sea
52,18,1,1,1,1,NSW
53,18,1,1,1,1,NSW
52,19,1,1,1,1,NSW
53,19,1,1,1,1,NSW
54,18,0,2,2,2,
52,16,2,1,1,1,sea
53,16,2,1,1,1,sea
52,17,2,1,1,1,NSW
53,17,2,1,1,1,NSW
52,16,3,1,1,1,NSW
53,16,3,1,1,1,NSW
52,17,3,1,1,1,NSW
53,17,3,1,1,1,NSW
54,16,2,1,1,1,sea
55,16,2,1,1,1,sea
54,17,2,1,1,1,sea
55,17,2,1,1,1,sea
54,16,3,1,1,1,sea
55,16,3,1,1,1,sea
54,17,3,1,1,1,NSW
55,17,3,1,1,1,sea
52,18,2,2,2,2,
54,18,2,1,1,1,NSW
55,18,2,1,1,1,sea
54,19,2,1,1,1,NSW
55,19,2,1,1,1,sea
54,18,3,1,1,1,NSW
55,18,3,1,1,1,NSW
54,19,3,1,1,1,NSW
55,19,3,1,1,1,NSW
56,16,0,4,4,4,
60,16,0,4,4,4,
0,20,0,4,4,4,
4,20,0,4,4,4,
8,20,0,2,2,2,
10,20,0,2,2,2,
8,22,0,2,2,2,
10,22,0,1,1,1,sea
11,22,0,1,1,1,sea
10,23,0,1,1,1,sea
11,23,0,1,1,1,sea
10,22,1,1,1,1,sea
11,22,1,1,1,1,sea
10,23,1,1,1,1,sea
11,23,1,1,1,1,WA
8,20,2,2,2,2,
10,20,2,1,1,1,sea
11,20,2,1,1,1,sea
10,21,2,1,1,1,sea
11,21,2,1,1,1,WA
10,20,3,1,1,1,sea
11,20,3,1,1,1,WA
10,21,3,1,1,1,WA
11,21,3,1,1,1,WA
8,22,2,1,1,1,sea
9,22,2,1,1,1,sea
8,23,2,1,1,1,sea
9,23,2,1,1,1,sea
8,22,3,1,1,1,sea
9,22,3,1,1,1,sea
8,23,3,1,1,1,sea
9,23,3,1,1,1,WA
10,22,2,1,1,1,sea
11,22,2,1,1,1,WA
10,23,2,1,1,1,WA
11,23,2,1,1,1,WA
10,22,3,1,1,1,WA
11,22,3,1,1,1,WA
10,23,3,1,1,1,WA
11,23,3,1,1,1,WA
12,20,0,2,2,2,
14,20,0,2,2,2,
12,22,0,1,1,1,sea
13,22,0,1,1,1,sea
12,23,0,1,1,1,WA
13,23,0,1,1,1,sea
12,22,1,1,1,1,WA
13,22,1,1,1,1,sea
12,23,1,1,1,1,WA
13,23,1,1,1,1,WA
14,22,0,2,2,2,
12,20,2,1,1,1,sea
13,20,2,1,1,1,sea
12,21,2,1,1,1,WA
13,21,2,1,1,1,sea
12,20,3,1,1,1,WA
13,20,3,1,1,1,sea
12,21,3,1,1,1,WA
13,21,3,1,1,1,WA
14,20,2,2,2,2,
12,22,2,2,2,2,
14,22,2,1,1,1,sea
15,22,2,1,1,1,sea
14,23,2,1,1,1,WA
15,23,2,1,1,1,WA
14,22,3,1,1,1,WA
15,22,3,1,1,1,WA
14,23,3,1,1,1,WA
15,23,3,1,1,1,WA
16,20,0,2,2,2,
18,20,0,2,2,2,
16,22,0,2,2,2,
18,22,0,2,2,2,
16,20,2,2,2,2,
18,20,2,2,2,2,
16,22,2,1,1,1,sea
17,22,2,1,1,1,sea
16,23,2,1,1,1,WA
17,23,2,1,1,1,WA
16,22,3,1,1,1,WA
17,22,3,1,1,1,WA
16,23,3,1,1,1,WA
17,23,3,1,1,1,WA
18,22,2,1,1,1,sea
19,22,2,1,1,1,sea
18,23,2,1,1,1,sea
19,23,2,1,1,1,sea
18,22,3,1,1,1,sea
19,22,3,1,1,1,sea
18,23,3,1,1,1,WA
19,23,3,1,1,1,sea
20,20,0,4,4,4,
24,20,0,4,4,4,
28,20,0,4,4,4,
32,20,0,4,4,4,
36,20,0,2,2,2,
38,20,0,2,2,2,
36,22,0,2,2,2,
38,22,0,2,2,2,
36,20,2,2,2,2,
38,20,2,2,2,2,
36,22,2,1,1,1,sea
37,22,2,1,1,1,sea
36,23,2,1,1,1,sea
37,23,2,1,1,1,sea
36,22,3,1,1,1,sea
37,22,3,1,1,1,sea
36,23,3,1,1,1,SA
37,23,3,1,1,1,sea
38,22,2,2,2,2,
40,20,0,2,2,2,
42,20,0,2,2,2,
40,22,0,2,2,2,
42,22,0,2,2,2,
40,20,2,2,2,2,
42,20,2,2,2,2,
40,22,2,2,2,2,
42,22,2,1,1,1,sea
43,22,2,1,1,1,sea
42,23,2,1,1,1,sea
43,23,2,1,1,1,SA
42,22,3,1,1,1,sea
43,22,3,1,1,1,SA
42,23,3,1,1,1,SA
43,23,3,1,1,1,SA
44,20,0,2,2,2,
46,20,0,1,1,1,sea
47,20,0,1,1,1,NSW
46,21,0,1,1,1,sea
47,21,0,1,1,1,NSW
46,20,1,1,1,1,NSW
47,20,1,1,1,1,NSW
46,21,1,1,1,1,NSW
47,21,1,1,1,1,NSW
44,22,0,1,1,1,sea
45,22,0,1,1,1,sea
44,23,0,1,1,1,sea
45,23,0,1,1,1,NSW
44,22,1,1,1,1,sea
45,22,1,1,1,1,NSW
44,23,1,1,1,1,NSW
45,23,1,1,1,1,NSW
46,22,0,2,2,2,
44,20,2,1,1,1,sea
45,20,2,1,1,1,NSW
44,21,2,1,1,1,sea
45,21,2,1,1,1,NSW
44,20,3,1,1,1,NSW
45,20,3,1,1,1,NSW
44,21,3,1,1,1,NSW
45,21,3,1,1,1,NSW
46,20,2,2,2,2,
44,22,2,2,2,2,
46,22,2,2,2,2,
48,20,0,4,4,4,
52,20,0,2,2,2,
54,20,0,1,1,1,sea
55,20,0,1,1,1,sea
54,21,0,1,1,1,sea
55,21,0,1,1,1,sea
54,20,1,1,1,1,NSW
55,20,1,1,1,1,sea
54,21,1,1,1,1,NSW
55,21,1,1,1,1,sea
52,22,0,2,2,2,
54,22,0,1,1,1,NSW
55,22,0,1,1,1,sea
54,23,0,1,1,1,NSW
55,23,0,1,1,1,NSW
54,22,1,1,1,1,NSW
55,22,1,1,1,1,NSW
54,23,1,1,1,1,NSW
55,23,1,1,1,1,NSW
52,20,2,2,2,2,
54,20,2,2,2,2,
52,22,2,2,2,2,
54,22,2,2,2,2,
56,20,0,2,2,2,
58,20,0,2,2,2,
56,22,0,1,1,1,sea
57,22,0,1,1,1,sea
56,23,0,1,1,1,sea
57,23,0,1,1,1,sea
56,22,1,1,1,1,sea
57,22,1,1,1,1,sea
56,23,1,1,1,1,NSW
57,23,1,1,1,1,sea
58,22,0,2,2,2,
56,20,2,1,1,1,sea
57,20,2,1,1,1,sea
56,21,2,1,1,1,sea
57,21,2,1,1,1,sea
56,20,3,1,1,1,NSW
57,20,3,1,1,1,sea
56,21,3,1,1,1,NSW
57,21,3,1,1,1,sea
58,20,2,2,2,2,
56,22,2,1,1,1,NSW
57,22,2,1,1,1,sea
56,23,2,1,1,1,NSW
57,23,2,1,1,1,NSW
56,22,3,1,1,1,NSW
57,22,3,1,1,1,NSW
56,23,3,1,1,1,NSW
57,23,3,1,1,1,NSW
58,22,2,1,1,1,sea
59,22,2,1,1,1,sea
58,23,2,1,1,1,sea
59,23,2,1,1,1,sea
58,22,3,1,1,1,sea
59,22,3,1,1,1,sea
58,23,3,1,1,1,NSW
59,23,3,1,1,1,sea
60,20,0,4,4,4,
0,24,0,4,4,4,
4,24,0,2,2,2,
6,24,0,2,2,2,
4,26,0,2,2,2,
6,26,0,2,2,2,
4,24,2,2,2,2,
6,24,2,2,2,2,
4,26,2,2,2,2,
6,26,2,1,1,1,sea
7,26,2,1,1,1,sea
6,27,2,1,1,1,sea
7,27,2,1,1,1,sea
6,26,3,1,1,1,sea
7,26,3,1,1,1,sea
6,27,3,1,1,1,sea
7,27,3,1,1,1,WA
8,24,0,2,2,2,
10,24,0,1,1,1,sea
11,24,0,1,1,1,sea
10,25,0,1,1,1,sea
11,25,0,1,1,1,WA
10,24,1,1,1,1,sea
11,24,1,1,1,1,WA
10,25,1,1,1,1,WA
11,25,1,1,1,1,WA
8,26,0,1,1,1,sea
9,26,0,1,1,1,sea
8,27,0,1,1,1,sea
9,27,0,1,1,1,sea
8,26,1,1,1,1,sea
9,26,1,1,1,1,sea
8,27,1,1,1,1,sea
9,27,1,1,1,1,WA
10,26,0,1,1,1,sea
11,26,0,1,1,1,WA
10,27,0,1,1,1,WA
11,27,0,1,1,1,WA
10,26,1,1,1,1,WA
11,26,1,1,1,1,WA
10,27,1,1,1,1,WA
11,27,1,1,1,1,WA
8,24,2,1,1,1,sea
9,24,2,1,1,1,sea
8,25,2,1,1,1,sea
9,25,2,1,1,1,WA
8,24,3,1,1,1,sea
9,24,3,1,1,1,WA
8,25,3,1,1,1,WA
9,25,3,1,1,1,WA
10,24,2,2,2,2,
8,26,2,1,1,1,sea
9,26,2,1,1,1,WA
8,27,2,1,1,1,WA
9,27,2,1,1,1,WA
8,26,3,1,1,1,WA
9,26,3,1,1,1,WA
8,27,3,1,1,1,WA
9,27,3,1,1,1,WA
10,26,2,2,2,2,
12,24,0,2,2,2,
14,24,0,1,1,1,sea
15,24,0,1,1,1,sea
14,25,0,1,1,1,WA
15,25,0,1,1,1,WA
14,24,1,1,1,1,WA
15,24,1,1,1,1,WA
14,25,1,1,1,1,WA
15,25,1,1,1,1,WA
12,26,0,2,2,2,
14,26,0,2,2,2,
12,24,2,2,2,2,
14,24,2,2,2,2,
12,26,2,2,2,2,
14,26,2,2,2,2,
16,24,0,1,1,1,sea
17,24,0,1,1,1,sea
16,25,0,1,1,1,WA
17,25,0,1,1,1,WA
16,24,1,1,1,1,WA
17,24,1,1,1,1,WA
16,25,1,1,1,1,WA
17,25,1,1,1,1,WA
18,24,0,1,1,1,sea
19,24,0,1,1,1,sea
18,25,0,1,1,1,sea
19,25,0,1,1,1,sea
18,24,1,1,1,1,sea
19,24,1,1,1,1,sea
18,25,1,1,1,1,WA
19,25,1,1,1,1,sea
16,26,0,2,2,2,
18,26,0,1,1,1,WA
19,26,0,1,1,1,sea
18,27,0,1,1,1,WA
19,27,0,1,1,1,WA
18,26,1,1,1,1,WA
19,26,1,1,1,1,WA
18,27,1,1,1,1,WA
19,27,1,1,1,1,WA
16,24,2,2,2,2,
18,24,2,1,1,1,WA
19,24,2,1,1,1,sea
18,25,2,1,1,1,WA
19,25,2,1,1,1,WA
18,24,3,1,1,1,WA
19,24,3,1,1,1,WA
18,25,3,1,1,1,WA
19,25,3,1,1,1,WA
16,26,2,2,2,2,
18,26,2,2,2,2,
20,24,0,2,2,2,
22,24,0,2,2,2,
20,26,0,1,1,1,sea
21,26,0,1,1,1,sea
20,27,0,1,1,1,WA
21,27,0,1,1,1,sea
20,26,1,1,1,1,WA
21,26,1,1,1,1,sea
20,27,1,1,1,1,WA
21,27,1,1,1,1,WA
22,26,0,1,1,1,sea
23,26,0,1,1,1,sea
22,27,0,1,1,1,sea
23,27,0,1,1,1,sea
22,26,1,1,1,1,sea
23,26,1,1,1,1,sea
22,27,1,1,1,1,WA
23,27,1,1,1,1,sea
20,24,2,1,1,1,sea
21,24,2,1,1,1,sea
20,25,2,1,1,1,WA
21,25,2,1,1,1,sea
20,24,3,1,1,1,WA
21,24,3,1,1,1,sea
20,25,3,1,1,1,WA
21,25,3,1,1,1,WA
22,24,2,1,1,1,sea
23,24,2,1,1,1,sea
22,25,2,1,1,1,sea
23,25,2,1,1,1,sea
22,24,3,1,1,1,sea
23,24,3,1,1,1,sea
22,25,3,1,1,1,WA
23,25,3,1,1,1,sea
20,26,2,2,2,2,
22,26,2,1,1,1,WA
23,26,2,1,1,1,sea
22,27,2,1,1,1,WA
23,27,2,1,1,1,WA
22,26,3,1,1,1,WA
23,26,3,1,1,1,WA
22,27,3,1,1,1,WA
23,27,3,1,1,1,WA
24,24,0,2,2,2,
26,24,0,2,2,2,
24,26,0,2,2,2,
26,26,0,2,2,2,
24,24,2,2,2,2,
26,24,2,2,2,2,
24,26,2,1,1,1,sea
25,26,2,1,1,1,sea
24,27,2,1,1,1,sea
25,27,2,1,1,1,sea
24,26,3,1,1,1,sea
25,26,3,1,1,1,sea
24,27,3,1,1,1,WA
25,27,3,1,1,1,SA
26,26,2,1,1,1,sea
27,26,2,1,1,1,sea
26,27,2,1,1,1,sea
27,27,2,1,1,1,sea
26,26,3,1,1,1,sea
27,26,3,1,1,1,sea
26,27,3,1,1,1,SA
27,27,3,1,1,1,SA
28,24,0,2,2,2,
30,24,0,2,2,2,
28,26,0,2,2,2,
30,26,0,2,2,2,
28,24,2,2,2,2,
30,24,2,2,2,2,
28,26,2,1,1,1,sea
29,26,2,1,1,1,sea
28,27,2,1,1,1,sea
29,27,2,1,1,1,sea
28,26,3,1,1,1,sea
29,26,3,1,1,1,sea
28,27,3,1,1,1,SA
29,27,3,1,1,1,SA
30,26,2,1,1,1,sea
31,26,2,1,1,1,sea
30,27,2,1,1,1,sea
31,27,2,1,1,1,sea
30,26,3,1,1,1,sea
31,26,3,1,1,1,sea
30,27,3,1,1,1,SA
31,27,3,1,1,1,SA
32,24,0,2,2,2,
34,24,0,2,2,2,
32,26,0,2,2,2,
34,26,0,1,1,1,sea
35,26,0,1,1,1,sea
34,27,0,1,1,1,sea
35,27,0,1,1,1,SA
34,26,1,1,1,1,sea
35,26,1,1,1,1,SA
34,27,1,1,1,1,SA
35,27,1,1,1,1,SA
32,24,2,2,2,2,
34,24,2,1,1,1,sea
35,24,2,1,1,1,sea
34,25,2,1,1,1,sea
35,25,2,1,1,1,SA
34,24,3,1,1,1,sea
35,24,3,1,1,1,SA
34,25,3,1,1,1,SA
35,25,3,1,1,1,SA
32,26,2,1,1,1,sea
33,26,2,1,1,1,sea
32,27,2,1,1,1,sea
33,27,2,1,1,1,SA
32,26,3,1,1,1,sea
33,26,3,1,1,1,SA
32,27,3,1,1,1,SA
33,27,3,1,1,1,SA
34,26,2,2,2,2,
36,24,0,1,1,1,sea
37,24,0,1,1,1,sea
36,25,0,1,1,1,sea
37,25,0,1,1,1,sea
36,24,1,1,1,1,sea
37,24,1,1,1,1,sea
36,25,1,1,1,1,SA
37,25,1,1,1,1,sea
38,24,0,2,2,2,
36,26,0,1,1,1,SA
37,26,0,1,1,1,sea
36,27,0,1,1,1,SA
37,27,0,1,1,1,SA
36,26,1,1,1,1,SA
37,26,1,1,1,1,SA
36,27,1,1,1,1,SA
37,27,1,1,1,1,SA
38,26,0,1,1,1,sea
39,26,0,1,1,1,sea
38,27,0,1,1,1,sea
39,27,0,1,1,1,sea
38,26,1,1,1,1,sea
39,26,1,1,1,1,sea
38,27,1,1,1,1,SA
39,27,1,1,1,1,sea
36,24,2,1,1,1,SA
37,24,2,1,1,1,sea
36,25,2,1,1,1,SA
37,25,2,1,1,1,SA
36,24,3,1,1,1,SA
37,24,3,1,1,1,SA
36,25,3,1,1,1,SA
37,25,3,1,1,1,SA
38,24,2,1,1,1,sea
39,24,2,1,1,1,sea
38,25,2,1,1,1,sea
39,25,2,1,1,1,sea
38,24,3,1,1,1,sea
39,24,3,1,1,1,sea
38,25,3,1,1,1,SA
39,25,3,1,1,1,sea
36,26,2,2,2,2,
38,26,2,1,1,1,SA
39,26,2,1,1,1,sea
38,27,2,1,1,1,SA
39,27,2,1,1,1,SA
38,26,3,1,1,1,SA
39,26,3,1,1,1,SA
38,27,3,1,1,1,SA
39,27,3,1,1,1,SA
40,24,0,2,2,2,
42,24,0,1,1,1,sea
43,24,0,1,1,1,sea
42,25,0,1,1,1,sea
43,25,0,1,1,1,SA
42,24,1,1,1,1,sea
43,24,1,1,1,1,SA
42,25,1,1,1,1,SA
43,25,1,1,1,1,SA
40,26,0,1,1,1,sea
41,26,0,1,1,1,sea
40,27,0,1,1,1,sea
41,27,0,1,1,1,SA
40,26,1,1,1,1,sea
41,26,1,1,1,1,SA
40,27,1,1,1,1,SA
41,27,1,1,1,1,SA
42,26,0,2,2,2,
40,24,2,1,1,1,sea
41,24,2,1,1,1,sea
40,25,2,1,1,1,sea
41,25,2,1,1,1,SA
40,24,3,1,1,1,sea
41,24,3,1,1,1,SA
40,25,3,1,1,1,SA
41,25,3,1,1,1,SA
42,24,2,2,2,2,
40,26,2,2,2,2,
42,26,2,2,2,2,
44,24,0,4,4,4,
48,24,0,4,4,4,
52,24,0,4,4,4,
56,24,0,1,1,1,sea
57,24,0,1,1,1,sea
56,25,0,1,1,1,sea
57,25,0,1,1,1,sea
56,24,1,1,1,1,NSW
57,24,1,1,1,1,sea
56,25,1,1,1,1,NSW
57,25,1,1,1,1,sea
58,24,0,2,2,2,
56,26,0,1,1,1,sea
57,26,0,1,1,1,sea
56,27,0,1,1,1,sea
57,27,0,1,1,1,sea
56,26,1,1,1,1,NSW
57,26,1,1,1,1,sea
56,27,1,1,1,1,NSW
57,27,1,1,1,1,sea
58,26,0,2,2,2,
56,24,2,2,2,2,
58,24,2,1,1,1,sea
59,24,2,1,1,1,sea
58,25,2,1,1,1,sea
59,25,2,1,1,1,sea
58,24,3,1,1,1,NSW
59,24,3,1,1,1,sea
58,25,3,1,1,1,NSW
59,25,3,1,1,1,sea
56,26,2,2,2,2,
58,26,2,1,1,1,sea
59,26,2,1,1,1,sea
58,27,2,1,1,1,sea
59,27,2,1,1,1,sea
58,26,3,1,1,1,NSW
59,26,3,1,1,1,sea
58,27,3,1,1,1,NSW
59,27,3,1,1,1,sea
60,24,0,4,4,4,
0,28,0,4,4,4,
4,28,0,2,2,2,
6,28,0,2,2,2,
4,30,0,2,2,2,
6,30,0,2,2,2,
4,28,2,2,2,2,
6,28,2,1,1,1,sea
7,28,2,1,1,1,WA
6,29,2,1,1,1,sea
7,29,2,1,1,1,sea
6,28,3,1,1,1,WA
7,28,3,1,1,1,WA
6,29,3,1,1,1,sea
7,29,3,1,1,1,WA
4,30,2,2,2,2,
6,30,2,1,1,1,sea
7,30,2,1,1,1,sea
6,31,2,1,1,1,sea
7,31,2,1,1,1,WA
6,30,3,1,1,1,sea
7,30,3,1,1,1,WA
6,31,3,1,1,1,WA
7,31,3,1,1,1,WA
8,28,0,1,1,1,sea
9,28,0,1,1,1,WA
8,29,0,1,1,1,sea
9,29,0,1,1,1,sea
8,28,1,1,1,1,WA
9,28,1,1,1,1,WA
8,29,1,1,1,1,sea
9,29,1,1,1,1,WA
10,28,0,2,2,2,
8,30,0,1,1,1,sea
9,30,0,1,1,1,sea
8,31,0,1,1,1,sea
9,31,0,1,1,1,WA
8,30,1,1,1,1,sea
9,30,1,1,1,1,WA
8,31,1,1,1,1,WA
9,31,1,1,1,1,WA
10,30,0,2,2,2,
8,28,2,2,2,2,
10,28,2,2,2,2,
8,30,2,2,2,2,
10,30,2,2,2,2,
12,28,0,4,4,4,
16,28,0,4,4,4,
20,28,0,2,2,2,
22,28,0,1,1,1,WA
23,28,0,1,1,1,sea
22,29,0,1,1,1,WA
23,29,0,1,1,1,WA
22,28,1,1,1,1,WA
23,28,1,1,1,1,WA
22,29,1,1,1,1,WA
23,29,1,1,1,1,WA
20,30,0,2,2,2,
22,30,0,2,2,2,
20,28,2,2,2,2,
22,28,2,2,2,2,
20,30,2,2,2,2,
22,30,2,2,2,2,
24,28,0,1,1,1,sea
25,28,0,1,1,1,sea
24,29,0,1,1,1,sea
25,29,0,1,1,1,sea
24,28,1,1,1,1,sea
25,28,1,1,1,1,sea
24,29,1,1,1,1,WA
25,29,1,1,1,1,SA
26,28,0,1,1,1,sea
27,28,0,1,1,1,sea
26,29,0,1,1,1,sea
27,29,0,1,1,1,sea
26,28,1,1,1,1,sea
27,28,1,1,1,1,sea
26,29,1,1,1,1,SA
27,29,1,1,1,1,SA
24,30,0,1,1,1,WA
25,30,0,1,1,1,SA
24,31,0,1,1,1,WA
25,31,0,1,1,1,SA
24,30,1,1,1,1,WA
25,30,1,1,1,1,SA
24,31,1,1,1,1,WA
25,31,1,1,1,1,SA
26,30,0,2,2,2,
24,28,2,1,1,1,WA
25,28,2,1,1,1,SA
24,29,2,1,1,1,WA
25,29,2,1,1,1,SA
24,28,3,1,1,1,WA
25,28,3,1,1,1,SA
24,29,3,1,1,1,WA
25,29,3,1,1,1,SA
26,28,2,2,2,2,
24,30,2,1,1,1,WA
25,30,2,1,1,1,SA
24,31,2,1,1,1,WA
25,31,2,1,1,1,SA
24,30,3,1,1,1,WA
25,30,3,1,1,1,SA
24,31,3,1,1,1,WA
25,31,3,1,1,1,SA
26,30,2,2,2,2,
28,28,0,1,1,1,sea
29,28,0,1,1,1,sea
28,29,0,1,1,1,sea
29,29,0,1,1,1,sea
28,28,1,1,1,1,sea
29,28,1,1,1,1,sea
28,29,1,1,1,1,SA
29,29,1,1,1,1,SA
30,28,0,1,1,1,sea
31,28,0,1,1,1,sea
30,29,0,1,1,1,sea
31,29,0,1,1,1,sea
30,28,1,1,1,1,sea
31,28,1,1,1,1,sea
30,29,1,1,1,1,SA
31,29,1,1,1,1,SA
28,30,0,2,2,2,
30,30,0,2,2,2,
28,28,2,2,2,2,
30,28,2,2,2,2,
28,30,2,2,2,2,
30,30,2,2,2,2,
32,28,0,1,1,1,sea
33,28,0,1,1,1,sea
32,29,0,1,1,1,sea
33,29,0,1,1,1,SA
32,28,1,1,1,1,sea
33,28,1,1,1,1,SA
32,29,1,1,1,1,SA
33,29,1,1,1,1,SA
34,28,0,2,2,2,
32,30,0,2,2,2,
34,30,0,2,2,2,
32,28,2,2,2,2,
34,28,2,2,2,2,
32,30,2,2,2,2,
34,30,2,2,2,2,
36,28,0,2,2,2,
38,28,0,1,1,1,SA
39,28,0,1,1,1,sea
38,29,0,1,1,1,SA
39,29,0,1,1,1,SA
38,28,1,1,1,1,SA
39,28,1,1,1,1,SA
38,29,1,1,1,1,SA
39,29,1,1,1,1,SA
36,30,0,2,2,2,
38,30,0,2,2,2,
36,28,2,2,2,2,
38,28,2,2,2,2,
36,30,2,2,2,2,
38,30,2,2,2,2,
40,28,0,4,4,4,
44,28,0,4,4,4,
48,28,0,4,4,4,
52,28,0,4,4,4,
56,28,0,1,1,1,sea
57,28,0,1,1,1,sea
56,29,0,1,1,1,sea
57,29,0,1,1,1,sea
56,28,1,1,1,1,QLD
57,28,1,1,1,1,sea
56,29,1,1,1,1,QLD
57,29,1,1,1,1,sea
58,28,0,2,2,2,
56,30,0,1,1,1,sea
57,30,0,1,1,1,sea
56,31,0,1,1,1,sea
57,31,0,1,1,1,sea
56,30,1,1,1,1,QLD
57,30,1,1,1,1,sea
56,31,1,1,1,1,QLD
57,31,1,1,1,1,sea
58,30,0,2,2,2,
56,28,2,2,2,2,
58,28,2,1,1,1,sea
59,28,2,1,1,1,sea
58,29,2,1,1,1,sea
59,29,2,1,1,1,sea
58,28,3,1,1,1,QLD
59,28,3,1,1,1,sea
58,29,3,1,1,1,QLD
59,29,3,1,1,1,sea
56,30,2,2,2,2,
58,30,2,1,1,1,sea
59,30,2,1,1,1,sea
58,31,2,1,1,1,sea
59,31,2,1,1,1,sea
58,30,3,1,1,1,QLD
59,30,3,1,1,1,sea
58,31,3,1,1,1,QLD
59,31,3,1,1,1,sea
60,28,0,4,4,4,
0,32,0,4,4,4,
4,32,0,2,2,2,
6,32,0,1,1,1,sea
7,32,0,1,1,1,sea
6,33,0,1,1,1,sea
7,33,0,1,1,1,sea
6,32,1,1,1,1,sea
7,32,1,1,1,1,sea
6,33,1,1,1,1,sea
7,33,1,1,1,1,WA
4,34,0,2,2,2,
6,34,0,1,1,1,sea
7,34,0,1,1,1,sea
6,35,0,1,1,1,sea
7,35,0,1,1,1,sea
6,34,1,1,1,1,sea
7,34,1,1,1,1,WA
6,35,1,1,1,1,sea
7,35,1,1,1,1,sea
4,32,2,1,1,1,sea
5,32,2,1,1,1,sea
4,33,2,1,1,1,sea
5,33,2,1,1,1,sea
4,32,3,1,1,1,sea
5,32,3,1,1,1,sea
4,33,3,1,1,1,sea
5,33,3,1,1,1,WA
6,32,2,1,1,1,sea
7,32,2,1,1,1,WA
6,33,2,1,1,1,WA
7,33,2,1,1,1,WA
6,32,3,1,1,1,WA
7,32,3,1,1,1,WA
6,33,3,1,1,1,WA
7,33,3,1,1,1,WA
4,34,2,1,1,1,sea
5,34,2,1,1,1,sea
4,35,2,1,1,1,sea
5,35,2,1,1,1,sea
4,34,3,1,1,1,sea
5,34,3,1,1,1,WA
4,35,3,1,1,1,sea
5,35,3,1,1,1,WA
6,34,2,1,1,1,WA
7,34,2,1,1,1,WA
6,35,2,1,1,1,sea
7,35,2,1,1,1,WA
6,34,3,1,1,1,WA
7,34,3,1,1,1,WA
6,35,3,1,1,1,WA
7,35,3,1,1,1,WA
8,32,0,1,1,1,sea
9,32,0,1,1,1,WA
8,33,0,1,1,1,WA
9,33,0,1,1,1,WA
8,32,1,1,1,1,WA
9,32,1,1,1,1,WA
8,33,1,1,1,1,WA
9,33,1,1,1,1,WA
10,32,0,2,2,2,
8,34,0,1,1,1,sea
9,34,0,1,1,1,WA
8,35,0,1,1,1,sea
9,35,0,1,1,1,sea
8,34,1,1,1,1,WA
9,34,1,1,1,1,WA
8,35,1,1,1,1,sea
9,35,1,1,1,1,WA
10,34,0,1,1,1,WA
11,34,0,1,1,1,WA
10,35,0,1,1,1,sea
11,35,0,1,1,1,WA
10,34,1,1,1,1,WA
11,34,1,1,1,1,WA
10,35,1,1,1,1,WA
11,35,1,1,1,1,WA
8,32,2,2,2,2,
10,32,2,2,2,2,
8,34,2,2,2,2,
10,34,2,2,2,2,
12,32,0,4,4,4,
16,32,0,4,4,4,
20,32,0,4,4,4,
24,32,0,1,1,1,WA
25,32,0,1,1,1,SA
24,33,0,1,1,1,WA
25,33,0,1,1,1,NT
24,32,1,1,1,1,WA
25,32,1,1,1,1,SA
24,33,1,1,1,1,WA
25,33,1,1,1,1,NT
26,32,0,1,1,1,SA
27,32,0,1,1,1,SA
26,33,0,1,1,1,NT
27,33,0,1,1,1,NT
26,32,1,1,1,1,SA
27,32,1,1,1,1,SA
26,33,1,1,1,1,NT
27,33,1,1,1,1,NT
24,34,0,1,1,1,WA
25,34,0,1,1,1,NT
24,35,0,1,1,1,WA
25,35,0,1,1,1,NT
24,34,1,1,1,1,WA
25,34,1,1,1,1,NT
24,35,1,1,1,1,WA
25,35,1,1,1,1,NT
26,34,0,2,2,2,
24,32,2,1,1,1,WA
25,32,2,1,1,1,SA
24,33,2,1,1,1,WA
25,33,2,1,1,1,NT
24,32,3,1,1,1,WA
25,32,3,1,1,1,SA
24,33,3,1,1,1,WA
25,33,3,1,1,1,NT
26,32,2,1,1,1,SA
27,32,2,1,1,1,SA
26,33,2,1,1,1,NT
27,33,2,1,1,1,NT
26,32,3,1,1,1,SA
27,32,3,1,1,1,SA
26,33,3,1,1,1,NT
27,33,3,1,1,1,NT
24,34,2,1,1,1,WA
25,34,2,1,1,1,NT
24,35,2,1,1,1,WA
25,35,2,1,1,1,NT
24,34,3,1,1,1,WA
25,34,3,1,1,1,NT
24,35,3,1,1,1,WA
25,35,3,1,1,1,NT
26,34,2,2,2,2,
28,32,0,1,1,1,SA
29,32,0,1,1,1,SA
28,33,0,1,1,1,NT
29,33,0,1,1,1,NT
28,32,1,1,1,1,SA
29,32,1,1,1,1,SA
28,33,1,1,1,1,NT
29,33,1,1,1,1,NT
30,32,0,1,1,1,SA
31,32,0,1,1,1,SA
30,33,0,1,1,1,NT
31,33,0,1,1,1,NT
30,32,1,1,1,1,SA
31,32,1,1,1,1,SA
30,33,1,1,1,1,NT
31,33,1,1,1,1,NT
28,34,0,2,2,2,
30,34,0,2,2,2,
28,32,2,1,1,1,SA
29,32,2,1,1,1,SA
28,33,2,1,1,1,NT
29,33,2,1,1,1,NT
28,32,3,1,1,1,SA
29,32,3,1,1,1,SA
28,33,3,1,1,1,NT
29,33,3,1,1,1,NT
30,32,2,1,1,1,SA
31,32,2,1,1,1,SA
30,33,2,1,1,1,NT
31,33,2,1,1,1,NT
30,32,3,1,1,1,SA
31,32,3,1,1,1,SA
30,33,3,1,1,1,NT
31,33,3,1,1,1,NT
28,34,2,2,2,2,
30,34,2,2,2,2,
32,32,0,1,1,1,SA
33,32,0,1,1,1,SA
32,33,0,1,1,1,NT
33,33,0,1,1,1,NT
32,32,1,1,1,1,SA
33,32,1,1,1,1,SA
32,33,1,1,1,1,NT
33,33,1,1,1,1,NT
34,32,0,1,1,1,SA
35,32,0,1,1,1,SA
34,33,0,1,1,1,NT
35,33,0,1,1,1,NT
34,32,1,1,1,1,SA
35,32,1,1,1,1,SA
34,33,1,1,1,1,NT
35,33,1,1,1,1,NT
32,34,0,2,2,2,
34,34,0,2,2,2,
32,32,2,1,1,1,SA
33,32,2,1,1,1,SA
32,33,2,1,1,1,NT
33,33,2,1,1,1,NT
32,32,3,1,1,1,SA
33,32,3,1,1,1,SA
32,33,3,1,1,1,NT
33,33,3,1,1,1,NT
34,32,2,1,1,1,SA
35,32,2,1,1,1,SA
34,33,2,1,1,1,NT
35,33,2,1,1,1,NT
34,32,3,1,1,1,SA
35,32,3,1,1,1,SA
34,33,3,1,1,1,NT
35,33,3,1,1,1,NT
32,34,2,2,2,2,
34,34,2,2,2,2,
36,32,0,1,1,1,SA
37,32,0,1,1,1,SA
36,33,0,1,1,1,NT
37,33,0,1,1,1,NT
36,32,1,1,1,1,SA
37,32,1,1,1,1,SA
36,33,1,1,1,1,NT
37,33,1,1,1,1,NT
38,32,0,1,1,1,SA
39,32,0,1,1,1,SA
38,33,0,1,1,1,NT
39,33,0,1,1,1,NT
38,32,1,1,1,1,SA
39,32,1,1,1,1,SA
38,33,1,1,1,1,NT
39,33,1,1,1,1,NT
36,34,0,2,2,2,
38,34,0,2,2,2,
36,32,2,1,1,1,SA
37,32,2,1,1,1,SA
36,33,2,1,1,1,NT
37,33,2,1,1,1,NT
36,32,3,1,1,1,SA
37,32,3,1,1,1,SA
36,33,3,1,1,1,NT
37,33,3,1,1,1,NT
38,32,2,1,1,1,SA
39,32,2,1,1,1,SA
38,33,2,1,1,1,NT
39,33,2,1,1,1,NT
38,32,3,1,1,1,SA
39,32,3,1,1,1,SA
38,33,3,1,1,1,NT
39,33,3,1,1,1,NT
36,34,2,2,2,2,
38,34,2,2,2,2,
40,32,0,1,1,1,SA
41,32,0,1,1,1,SA
40,33,0,1,1,1,QLD
41,33,0,1,1,1,QLD
40,32,1,1,1,1,SA
41,32,1,1,1,1,SA
40,33,1,1,1,1,QLD
41,33,1,1,1,1,QLD
42,32,0,1,1,1,SA
43,32,0,1,1,1,SA
42,33,0,1,1,1,QLD
43,33,0,1,1,1,QLD
42,32,1,1,1,1,SA
43,32,1,1,1,1,SA
42,33,1,1,1,1,QLD
43,33,1,1,1,1,QLD
40,34,0,2,2,2,
42,34,0,2,2,2,
40,32,2,1,1,1,SA
41,32,2,1,1,1,SA
40,33,2,1,1,1,QLD
41,33,2,1,1,1,QLD
40,32,3,1,1,1,SA
41,32,3,1,1,1,SA
40,33,3,1,1,1,QLD
41,33,3,1,1,1,QLD
42,32,2,1,1,1,SA
43,32,2,1,1,1,SA
42,33,2,1,1,1,QLD
43,33,2,1,1,1,QLD
42,32,3,1,1,1,SA
43,32,3,1,1,1,SA
42,33,3,1,1,1,QLD
43,33,3,1,1,1,QLD
40,34,2,2,2,2,
42,34,2,2,2,2,
44,32,0,4,4,4,
48,32,0,4,4,4,
52,32,0,2,2,2,
54,32,0,1,1,1,QLD
55,32,0,1,1,1,QLD
54,33,0,1,1,1,QLD
55,33,0,1,1,1,sea
54,32,1,1,1,1,QLD
55,32,1,1,1,1,QLD
54,33,1,1,1,1,QLD
55,33,1,1,1,1,QLD
52,34,0,2,2,2,
54,34,0,1,1,1,QLD
55,34,0,1,1,1,sea
54,35,0,1,1,1,sea
55,35,0,1,1,1,sea
54,34,1,1,1,1,QLD
55,34,1,1,1,1,QLD
54,35,1,1,1,1,QLD
55,35,1,1,1,1,sea
52,32,2,2,2,2,
54,32,2,2,2,2,
52,34,2,2,2,2,
54,34,2,2,2,2,
56,32,0,1,1,1,sea
57,32,0,1,1,1,sea
56,33,0,1,1,1,sea
57,33,0,1,1,1,sea
56,32,1,1,1,1,QLD
57,32,1,1,1,1,sea
56,33,1,1,1,1,sea
57,33,1,1,1,1,sea
58,32,0,2,2,2,
56,34,0,2,2,2,
58,34,0,2,2,2,
56,32,2,1,1,1,QLD
57,32,2,1,1,1,QLD
56,33,2,1,1,1,QLD
57,33,2,1,1,1,sea
56,32,3,1,1,1,QLD
57,32,3,1,1,1,QLD
56,33,3,1,1,1,QLD
57,33,3,1,1,1,QLD
58,32,2,1,1,1,sea
59,32,2,1,1,1,sea
58,33,2,1,1,1,sea
59,33,2,1,1,1,sea
58,32,3,1,1,1,QLD
59,32,3,1,1,1,sea
58,33,3,1,1,1,sea
59,33,3,1,1,1,sea
56,34,2,1,1,1,QLD
57,34,2,1,1,1,sea
56,35,2,1,1,1,sea
57,35,2,1,1,1,sea
56,34,3,1,1,1,QLD
57,34,3,1,1,1,QLD
56,35,3,1,1,1,QLD
57,35,3,1,1,1,sea
58,34,2,2,2,2,
60,32,0,4,4,4,
0,36,0,4,4,4,
4,36,0,2,2,2,
6,36,0,2,2,2,
4,38,0,2,2,2,
6,38,0,2,2,2,
4,36,2,2,2,2,
6,36,2,1,1,1,sea
7,36,2,1,1,1,sea
6,37,2,1,1,1,sea
7,37,2,1,1,1,sea
6,36,3,1,1,1,sea
7,36,3,1,1,1,WA
6,37,3,1,1,1,sea
7,37,3,1,1,1,sea
4,38,2,2,2,2,
6,38,2,2,2,2,
8,36,0,2,2,2,
10,36,0,1,1,1,sea
11,36,0,1,1,1,sea
10,37,0,1,1,1,sea
11,37,0,1,1,1,sea
10,36,1,1,1,1,sea
11,36,1,1,1,1,WA
10,37,1,1,1,1,sea
11,37,1,1,1,1,sea
8,38,0,2,2,2,
10,38,0,2,2,2,
8,36,2,1,1,1,sea
9,36,2,1,1,1,WA
8,37,2,1,1,1,sea
9,37,2,1,1,1,sea
8,36,3,1,1,1,WA
9,36,3,1,1,1,WA
8,37,3,1,1,1,sea
9,37,3,1,1,1,WA
10,36,2,1,1,1,WA
11,36,2,1,1,1,WA
10,37,2,1,1,1,sea
11,37,2,1,1,1,WA
10,36,3,1,1,1,WA
11,36,3,1,1,1,WA
10,37,3,1,1,1,WA
11,37,3,1,1,1,WA
8,38,2,2,2,2,
10,38,2,1,1,1,sea
11,38,2,1,1,1,sea
10,39,2,1,1,1,sea
11,39,2,1,1,1,sea
10,38,3,1,1,1,sea
11,38,3,1,1,1,WA
10,39,3,1,1,1,sea
11,39,3,1,1,1,sea
12,36,0,1,1,1,WA
13,36,0,1,1,1,WA
12,37,0,1,1,1,sea
13,37,0,1,1,1,WA
12,36,1,1,1,1,WA
13,36,1,1,1,1,WA
12,37,1,1,1,1,WA
13,37,1,1,1,1,WA
14,36,0,2,2,2,
12,38,0,1,1,1,sea
13,38,0,1,1,1,sea
12,39,0,1,1,1,sea
13,39,0,1,1,1,sea
12,38,1,1,1,1,sea
13,38,1,1,1,1,WA
12,39,1,1,1,1,sea
13,39,1,1,1,1,sea
14,38,0,1,1,1,WA
15,38,0,1,1,1,WA
14,39,0,1,1,1,sea
15,39,0,1,1,1,WA
14,38,1,1,1,1,WA
15,38,1,1,1,1,WA
14,39,1,1,1,1,WA
15,39,1,1,1,1,WA
12,36,2,2,2,2,
14,36,2,2,2,2,
12,38,2,1,1,1,WA
13,38,2,1,1,1,WA
12,39,2,1,1,1,sea
13,39,2,1,1,1,WA
12,38,3,1,1,1,WA
13,38,3,1,1,1,WA
12,39,3,1,1,1,WA
13,39,3,1,1,1,WA
14,38,2,2,2,2,
16,36,0,4,4,4,
20,36,0,4,4,4,
24,36,0,1,1,1,WA
25,36,0,1,1,1,NT
24,37,0,1,1,1,WA
25,37,0,1,1,1,NT
24,36,1,1,1,1,WA
25,36,1,1,1,1,NT
24,37,1,1,1,1,WA
25,37,1,1,1,1,NT
26,36,0,2,2,2,
24,38,0,1,1,1,WA
25,38,0,1,1,1,NT
24,39,0,1,1,1,WA
25,39,0,1,1,1,NT
24,38,1,1,1,1,WA
25,38,1,1,1,1,NT
24,39,1,1,1,1,WA
25,39,1,1,1,1,NT
26,38,0,2,2,2,
24,36,2,1,1,1,WA
25,36,2,1,1,1,NT
24,37,2,1,1,1,WA
25,37,2,1,1,1,NT
24,36,3,1,1,1,WA
25,36,3,1,1,1,NT
24,37,3,1,1,1,WA
25,37,3,1,1,1,NT
26,36,2,2,2,2,
24,38,2,1,1,1,WA
25,38,2,1,1,1,NT
24,39,2,1,1,1,WA
25,39,2,1,1,1,NT
24,38,3,1,1,1,WA
25,38,3,1,1,1,NT
24,39,3,1,1,1,WA
25,39,3,1,1,1,NT
26,38,2,2,2,2,
28,36,0,4,4,4,
32,36,0,4,4,4,
36,36,0,4,4,4,
40,36,0,4,4,4,
44,36,0,4,4,4,
48,36,0,4,4,4,
52,36,0,1,1,1,QLD
53,36,0,1,1,1,sea
52,37,0,1,1,1,QLD
53,37,0,1,1,1,sea
52,36,1,1,1,1,QLD
53,36,1,1,1,1,QLD
52,37,1,1,1,1,QLD
53,37,1,1,1,1,QLD
54,36,0,2,2,2,
52,38,0,1,1,1,sea
53,38,0,1,1,1,sea
52,39,0,1,1,1,sea
53,39,0,1,1,1,sea
52,38,1,1,1,1,QLD
53,38,1,1,1,1,sea
52,39,1,1,1,1,QLD
53,39,1,1,1,1,sea
54,38,0,2,2,2,
52,36,2,2,2,2,
54,36,2,1,1,1,QLD
55,36,2,1,1,1,sea
54,37,2,1,1,1,QLD
55,37,2,1,1,1,sea
54,36,3,1,1,1,QLD
55,36,3,1,1,1,QLD
54,37,3,1,1,1,QLD
55,37,3,1,1,1,QLD
52,38,2,2,2,2,
54,38,2,1,1,1,sea
55,38,2,1,1,1,sea
54,39,2,1,1,1,sea
55,39,2,1,1,1,sea
54,38,3,1,1,1,QLD
55,38,3,1,1,1,sea
54,39,3,1,1,1,QLD
55,39,3,1,1,1,sea
56,36,0,4,4,4,
60,36,0,4,4,4,
0,40,0,4,4,4,
4,40,0,4,4,4,
8,40,0,4,4,4,
12,40,0,2,2,2,
14,40,0,1,1,1,sea
15,40,0,1,1,1,sea
14,41,0,1,1,1,sea
15,41,0,1,1,1,sea
14,40,1,1,1,1,sea
15,40,1,1,1,1,WA
14,41,1,1,1,1,sea
15,41,1,1,1,1,sea
12,42,0,2,2,2,
14,42,0,2,2,2,
12,40,2,1,1,1,sea
13,40,2,1,1,1,sea
12,41,2,1,1,1,sea
13,41,2,1,1,1,sea
12,40,3,1,1,1,sea
13,40,3,1,1,1,WA
12,41,3,1,1,1,sea
13,41,3,1,1,1,sea
14,40,2,1,1,1,WA
15,40,2,1,1,1,WA
14,41,2,1,1,1,sea
15,41,2,1,1,1,WA
14,40,3,1,1,1,WA
15,40,3,1,1,1,WA
14,41,3,1,1,1,WA
15,41,3,1,1,1,WA
12,42,2,2,2,2,
14,42,2,1,1,1,sea
15,42,2,1,1,1,sea
14,43,2,1,1,1,sea
15,43,2,1,1,1,sea
14,42,3,1,1,1,sea
15,42,3,1,1,1,WA
14,43,3,1,1,1,sea
15,43,3,1,1,1,sea
16,40,0,1,1,1,WA
17,40,0,1,1,1,WA
16,41,0,1,1,1,sea
17,41,0,1,1,1,WA
16,40,1,1,1,1,WA
17,40,1,1,1,1,WA
16,41,1,1,1,1,WA
17,41,1,1,1,1,WA
18,40,0,2,2,2,
16,42,0,1,1,1,sea
17,42,0,1,1,1,sea
16,43,0,1,1,1,sea
17,43,0,1,1,1,sea
16,42,1,1,1,1,sea
17,42,1,1,1,1,WA
16,43,1,1,1,1,sea
17,43,1,1,1,1,sea
18,42,0,1,1,1,WA
19,42,0,1,1,1,WA
18,43,0,1,1,1,sea
19,43,0,1,1,1,WA
18,42,1,1,1,1,WA
19,42,1,1,1,1,WA
18,43,1,1,1,1,WA
19,43,1,1,1,1,WA
16,40,2,2,2,2,
18,40,2,2,2,2,
16,42,2,1,1,1,WA
17,42,2,1,1,1,WA
16,43,2,1,1,1,sea
17,43,2,1,1,1,WA
16,42,3,1,1,1,WA
17,42,3,1,1,1,WA
16,43,3,1,1,1,WA
17,43,3,1,1,1,WA
18,42,2,2,2,2,
20,40,0,4,4,4,
24,40,0,1,1,1,WA
25,40,0,1,1,1,NT
24,41,0,1,1,1,WA
25,41,0,1,1,1,NT
24,40,1,1,1,1,WA
25,40,1,1,1,1,NT
24,41,1,1,1,1,WA
25,41,1,1,1,1,NT
26,40,0,2,2,2,
24,42,0,1,1,1,WA
25,42,0,1,1,1,NT
24,43,0,1,1,1,WA
25,43,0,1,1,1,NT
24,42,1,1,1,1,WA
25,42,1,1,1,1,NT
24,43,1,1,1,1,WA
25,43,1,1,1,1,NT
26,42,0,2,2,2,
24,40,2,1,1,1,WA
25,40,2,1,1,1,NT
24,41,2,1,1,1,WA
25,41,2,1,1,1,NT
24,40,3,1,1,1,WA
25,40,3,1,1,1,NT
24,41,3,1,1,1,WA
25,41,3,1,1,1,NT
26,40,2,2,2,2,
24,42,2,1,1,1,WA
25,42,2,1,1,1,NT
24,43,2,1,1,1,WA
25,43,2,1,1,1,NT
24,42,3,1,1,1,WA
25,42,3,1,1,1,NT
24,43,3,1,1,1,WA
25,43,3,1,1,1,NT
26,42,2,2,2,2,
28,40,0,4,4,4,
32,40,0,4,4,4,
36,40,0,2,2,2,
38,40,0,2,2,2,
36,42,0,2,2,2,
38,42,0,1,1,1,NT
39,42,0,1,1,1,NT
38,43,0,1,1,1,NT
39,43,0,1,1,1,sea
38,42,1,1,1,1,NT
39,42,1,1,1,1,NT
38,43,1,1,1,1,NT
39,43,1,1,1,1,NT
36,40,2,2,2,2,
38,40,2,2,2,2,
36,42,2,2,2,2,
38,42,2,2,2,2,
40,40,0,2,2,2,
42,40,0,1,1,1,QLD
43,40,0,1,1,1,sea
42,41,0,1,1,1,sea
43,41,0,1,1,1,sea
42,40,1,1,1,1,QLD
43,40,1,1,1,1,QLD
42,41,1,1,1,1,QLD
43,41,1,1,1,1,sea
40,42,0,1,1,1,sea
41,42,0,1,1,1,sea
40,43,0,1,1,1,sea
41,43,0,1,1,1,sea
40,42,1,1,1,1,QLD
41,42,1,1,1,1,QLD
40,43,1,1,1,1,sea
41,43,1,1,1,1,sea
42,42,0,2,2,2,
40,40,2,2,2,2,
42,40,2,2,2,2,
40,42,2,2,2,2,
42,42,2,1,1,1,QLD
43,42,2,1,1,1,sea
42,43,2,1,1,1,sea
43,43,2,1,1,1,sea
42,42,3,1,1,1,QLD
43,42,3,1,1,1,QLD
42,43,3,1,1,1,QLD
43,43,3,1,1,1,sea
44,40,0,1,1,1,QLD
45,40,0,1,1,1,QLD
44,41,0,1,1,1,sea
45,41,0,1,1,1,QLD
44,40,1,1,1,1,QLD
45,40,1,1,1,1,QLD
44,41,1,1,1,1,QLD
45,41,1,1,1,1,QLD
46,40,0,2,2,2,
44,42,0,1,1,1,sea
45,42,0,1,1,1,sea
44,43,0,1,1,1,sea
45,43,0,1,1,1,sea
44,42,1,1,1,1,sea
45,42,1,1,1,1,QLD
44,43,1,1,1,1,sea
45,43,1,1,1,1,sea
46,42,0,1,1,1,QLD
47,42,0,1,1,1,QLD
46,43,0,1,1,1,sea
47,43,0,1,1,1,QLD
46,42,1,1,1,1,QLD
47,42,1,1,1,1,QLD
46,43,1,1,1,1,QLD
47,43,1,1,1,1,QLD
44,40,2,2,2,2,
46,40,2,2,2,2,
44,42,2,1,1,1,QLD
45,42,2,1,1,1,QLD
44,43,2,1,1,1,sea
45,43,2,1,1,1,QLD
44,42,3,1,1,1,QLD
45,42,3,1,1,1,QLD
44,43,3,1,1,1,QLD
45,43,3,1,1,1,QLD
46,42,2,2,2,2,
48,40,0,2,2,2,
50,40,0,1,1,1,QLD
51,40,0,1,1,1,sea
50,41,0,1,1,1,sea
51,41,0,1,1,1,sea
50,40,1,1,1,1,QLD
51,40,1,1,1,1,QLD
50,41,1,1,1,1,QLD
51,41,1,1,1,1,sea
48,42,0,1,1,1,QLD
49,42,0,1,1,1,sea
48,43,0,1,1,1,sea
49,43,0,1,1,1,sea
48,42,1,1,1,1,QLD
49,42,1,1,1,1,QLD
48,43,1,1,1,1,QLD
49,43,1,1,1,1,sea
50,42,0,2,2,2,
48,40,2,2,2,2,
50,40,2,2,2,2,
48,42,2,2,2,2,
50,42,2,1,1,1,QLD
51,42,2,1,1,1,sea
50,43,2,1,1,1,sea
51,43,2,1,1,1,sea
50,42,3,1,1,1,QLD
51,42,3,1,1,1,QLD
50,43,3,1,1,1,QLD
51,43,3,1,1,1,sea
52,40,0,2,2,2,
54,40,0,2,2,2,
52,42,0,2,2,2,
54,42,0,2,2,2,
52,40,2,1,1,1,QLD
53,40,2,1,1,1,sea
52,41,2,1,1,1,sea
53,41,2,1,1,1,sea
52,40,3,1,1,1,QLD
53,40,3,1,1,1,QLD
52,41,3,1,1,1,QLD
53,41,3,1,1,1,sea
54,40,2,2,2,2,
52,42,2,2,2,2,
54,42,2,2,2,2,
56,40,0,4,4,4,
60,40,0,4,4,4,
0,44,0,4,4,4,
4,44,0,4,4,4,
8,44,0,4,4,4,
12,44,0,4,4,4,
16,44,0,2,2,2,
18,44,0,1,1,1,sea
19,44,0,1,1,1,sea
18,45,0,1,1,1,sea
19,45,0,1,1,1,sea
18,44,1,1,1,1,sea
19,44,1,1,1,1,WA
18,45,1,1,1,1,sea
19,45,1,1,1,1,sea
16,46,0,2,2,2,
18,46,0,2,2,2,
16,44,2,1,1,1,sea
17,44,2,1,1,1,sea
16,45,2,1,1,1,sea
17,45,2,1,1,1,sea
16,44,3,1,1,1,sea
17,44,3,1,1,1,WA
16,45,3,1,1,1,sea
17,45,3,1,1,1,sea
18,44,2,1,1,1,WA
19,44,2,1,1,1,WA
18,45,2,1,1,1,sea
19,45,2,1,1,1,WA
18,44,3,1,1,1,WA
19,44,3,1,1,1,WA
18,45,3,1,1,1,WA
19,45,3,1,1,1,WA
16,46,2,2,2,2,
18,46,2,1,1,1,sea
19,46,2,1,1,1,sea
18,47,2,1,1,1,sea
19,47,2,1,1,1,sea
18,46,3,1,1,1,sea
19,46,3,1,1,1,WA
18,47,3,1,1,1,sea
19,47,3,1,1,1,sea
20,44,0,1,1,1,WA
21,44,0,1,1,1,WA
20,45,0,1,1,1,sea
21,45,0,1,1,1,WA
20,44,1,1,1,1,WA
21,44,1,1,1,1,WA
20,45,1,1,1,1,WA
21,45,1,1,1,1,WA
22,44,0,1,1,1,WA
23,44,0,1,1,1,WA
22,45,0,1,1,1,WA
23,45,0,1,1,1,sea
22,44,1,1,1,1,WA
23,44,1,1,1,1,WA
22,45,1,1,1,1,WA
23,45,1,1,1,1,WA
20,46,0,1,1,1,sea
21,46,0,1,1,1,sea
20,47,0,1,1,1,sea
21,47,0,1,1,1,sea
20,46,1,1,1,1,sea
21,46,1,1,1,1,WA
20,47,1,1,1,1,sea
21,47,1,1,1,1,sea
22,46,0,1,1,1,sea
23,46,0,1,1,1,sea
22,47,0,1,1,1,sea
23,47,0,1,1,1,sea
22,46,1,1,1,1,WA
23,46,1,1,1,1,sea
22,47,1,1,1,1,sea
23,47,1,1,1,1,sea
20,44,2,2,2,2,
22,44,2,2,2,2,
20,46,2,1,1,1,WA
21,46,2,1,1,1,WA
20,47,2,1,1,1,sea
21,47,2,1,1,1,WA
20,46,3,1,1,1,WA
21,46,3,1,1,1,WA
20,47,3,1,1,1,WA
21,47,3,1,1,1,WA
22,46,2,1,1,1,WA
23,46,2,1,1,1,WA
22,47,2,1,1,1,WA
23,47,2,1,1,1,sea
22,46,3,1,1,1,WA
23,46,3,1,1,1,WA
22,47,3,1,1,1,WA
23,47,3,1,1,1,WA
24,44,0,1,1,1,WA
25,44,0,1,1,1,NT
24,45,0,1,1,1,sea
25,45,0,1,1,1,sea
24,44,1,1,1,1,WA
25,44,1,1,1,1,NT
24,45,1,1,1,1,WA
25,45,1,1,1,1,NT
26,44,0,2,2,2,
24,46,0,2,2,2,
26,46,0,1,1,1,sea
27,46,0,1,1,1,NT
26,47,0,1,1,1,sea
27,47,0,1,1,1,sea
26,46,1,1,1,1,NT
27,46,1,1,1,1,NT
26,47,1,1,1,1,sea
27,47,1,1,1,1,NT
24,44,2,1,1,1,WA
25,44,2,1,1,1,NT
24,45,2,1,1,1,WA
25,45,2,1,1,1,NT
24,44,3,1,1,1,WA
25,44,3,1,1,1,NT
24,45,3,1,1,1,WA
25,45,3,1,1,1,NT
26,44,2,2,2,2,
24,46,2,1,1,1,WA
25,46,2,1,1,1,NT
24,47,2,1,1,1,sea
25,47,2,1,1,1,sea
24,46,3,1,1,1,WA
25,46,3,1,1,1,NT
24,47,3,1,1,1,WA
25,47,3,1,1,1,NT
26,46,2,2,2,2,
28,44,0,4,4,4,
32,44,0,2,2,2,
34,44,0,2,2,2,
32,46,0,2,2,2,
34,46,0,1,1,1,NT
35,46,0,1,1,1,sea
34,47,0,1,1,1,sea
35,47,0,1,1,1,sea
34,46,1,1,1,1,NT
35,46,1,1,1,1,NT
34,47,1,1,1,1,NT
35,47,1,1,1,1,sea
32,44,2,2,2,2,
34,44,2,2,2,2,
32,46,2,2,2,2,
34,46,2,2,2,2,
36,44,0,1,1,1,NT
37,44,0,1,1,1,sea
36,45,0,1,1,1,sea
37,45,0,1,1,1,sea
36,44,1,1,1,1,NT
37,44,1,1,1,1,NT
36,45,1,1,1,1,NT
37,45,1,1,1,1,sea
38,44,0,1,1,1,sea
39,44,0,1,1,1,sea
38,45,0,1,1,1,sea
39,45,0,1,1,1,sea
38,44,1,1,1,1,NT
39,44,1,1,1,1,sea
38,45,1,1,1,1,sea
39,45,1,1,1,1,sea
36,46,0,2,2,2,
38,46,0,2,2,2,
36,44,2,2,2,2,
38,44,2,1,1,1,NT
39,44,2,1,1,1,NT
38,45,2,1,1,1,NT
39,45,2,1,1,1,sea
38,44,3,1,1,1,NT
39,44,3,1,1,1,NT
38,45,3,1,1,1,NT
39,45,3,1,1,1,NT
36,46,2,1,1,1,NT
37,46,2,1,1,1,sea
36,47,2,1,1,1,sea
37,47,2,1,1,1,sea
36,46,3,1,1,1,NT
37,46,3,1,1,1,NT
36,47,3,1,1,1,NT
37,47,3,1,1,1,sea
38,46,2,1,1,1,sea
39,46,2,1,1,1,sea
38,47,2,1,1,1,sea
39,47,2,1,1,1,sea
38,46,3,1,1,1,NT
39,46,3,1,1,1,sea
38,47,3,1,1,1,sea
39,47,3,1,1,1,sea
40,44,0,2,2,2,
42,44,0,2,2,2,
40,46,0,2,2,2,
42,46,0,2,2,2,
40,44,2,1,1,1,sea
41,44,2,1,1,1,sea
40,45,2,1,1,1,sea
41,45,2,1,1,1,sea
40,44,3,1,1,1,QLD
41,44,3,1,1,1,QLD
40,45,3,1,1,1,sea
41,45,3,1,1,1,sea
42,44,2,2,2,2,
40,46,2,2,2,2,
42,46,2,2,2,2,
44,44,0,2,2,2,
46,44,0,1,1,1,sea
47,44,0,1,1,1,sea
46,45,0,1,1,1,sea
47,45,0,1,1,1,sea
46,44,1,1,1,1,sea
47,44,1,1,1,1,QLD
46,45,1,1,1,1,sea
47,45,1,1,1,1,sea
44,46,0,2,2,2,
46,46,0,2,2,2,
44,44,2,1,1,1,sea
45,44,2,1,1,1,sea
44,45,2,1,1,1,sea
45,45,2,1,1,1,sea
44,44,3,1,1,1,sea
45,44,3,1,1,1,QLD
44,45,3,1,1,1,sea
45,45,3,1,1,1,sea
46,44,2,1,1,1,QLD
47,44,2,1,1,1,QLD
46,45,2,1,1,1,sea
47,45,2,1,1,1,QLD
46,44,3,1,1,1,QLD
47,44,3,1,1,1,QLD
46,45,3,1,1,1,QLD
47,45,3,1,1,1,QLD
44,46,2,2,2,2,
46,46,2,1,1,1,sea
47,46,2,1,1,1,sea
46,47,2,1,1,1,sea
47,47,2,1,1,1,sea
46,46,3,1,1,1,sea
47,46,3,1,1,1,QLD
46,47,3,1,1,1,sea
47,47,3,1,1,1,sea
48,44,0,2,2,2,
50,44,0,2,2,2,
48,46,0,2,2,2,
50,46,0,2,2,2,
48,44,2,1,1,1,QLD
49,44,2,1,1,1,sea
48,45,2,1,1,1,QLD
49,45,2,1,1,1,sea
48,44,3,1,1,1,QLD
49,44,3,1,1,1,QLD
48,45,3,1,1,1,QLD
49,45,3,1,1,1,QLD
50,44,2,2,2,2,
48,46,2,1,1,1,sea
49,46,2,1,1,1,sea
48,47,2,1,1,1,sea
49,47,2,1,1,1,sea
48,46,3,1,1,1,QLD
49,46,3,1,1,1,sea
48,47,3,1,1,1,QLD
49,47,3,1,1,1,sea
50,46,2,2,2,2,
52,44,0,4,4,4,
56,44,0,4,4,4,
60,44,0,4,4,4,
0,48,0,4,4,4,
4,48,0,4,4,4,
8,48,0,4,4,4,
12,48,0,4,4,4,
16,48,0,4,4,4,
20,48,0,2,2,2,
22,48,0,2,2,2,
20,50,0,2,2,2,
22,50,0,2,2,2,
20,48,2,1,1,1,sea
21,48,2,1,1,1,sea
20,49,2,1,1,1,sea
21,49,2,1,1,1,sea
20,48,3,1,1,1,sea
21,48,3,1,1,1,WA
20,49,3,1,1,1,sea
21,49,3,1,1,1,sea
22,48,2,1,1,1,sea
23,48,2,1,1,1,sea
22,49,2,1,1,1,sea
23,49,2,1,1,1,sea
22,48,3,1,1,1,WA
23,48,3,1,1,1,sea
22,49,3,1,1,1,sea
23,49,3,1,1,1,sea
20,50,2,2,2,2,
22,50,2,2,2,2,
24,48,0,2,2,2,
26,48,0,2,2,2,
24,50,0,2,2,2,
26,50,0,2,2,2,
24,48,2,2,2,2,
26,48,2,1,1,1,sea
27,48,2,1,1,1,NT
26,49,2,1,1,1,sea
27,49,2,1,1,1,sea
26,48,3,1,1,1,NT
27,48,3,1,1,1,NT
26,49,3,1,1,1,sea
27,49,3,1,1,1,NT
24,50,2,2,2,2,
26,50,2,2,2,2,
28,48,0,1,1,1,sea
29,48,0,1,1,1,NT
28,49,0,1,1,1,sea
29,49,0,1,1,1,sea
28,48,1,1,1,1,NT
29,48,1,1,1,1,NT
28,49,1,1,1,1,sea
29,49,1,1,1,1,NT
30,48,0,2,2,2,
28,50,0,2,2,2,
30,50,0,1,1,1,sea
31,50,0,1,1,1,sea
30,51,0,1,1,1,sea
31,51,0,1,1,1,sea
30,50,1,1,1,1,NT
31,50,1,1,1,1,NT
30,51,1,1,1,1,sea
31,51,1,1,1,1,sea
28,48,2,2,2,2,
30,48,2,2,2,2,
28,50,2,1,1,1,sea
29,50,2,1,1,1,NT
28,51,2,1,1,1,sea
29,51,2,1,1,1,sea
28,50,3,1,1,1,NT
29,50,3,1,1,1,NT
28,51,3,1,1,1,sea
29,51,3,1,1,1,NT
30,50,2,2,2,2,
32,48,0,1,1,1,NT
33,48,0,1,1,1,sea
32,49,0,1,1,1,sea
33,49,0,1,1,1,sea
32,48,1,1,1,1,NT
33,48,1,1,1,1,NT
32,49,1,1,1,1,NT
33,49,1,1,1,1,sea
34,48,0,2,2,2,
32,50,0,2,2,2,
34,50,0,2,2,2,
32,48,2,2,2,2,
34,48,2,1,1,1,NT
35,48,2,1,1,1,sea
34,49,2,1,1,1,sea
35,49,2,1,1,1,sea
34,48,3,1,1,1,NT
35,48,3,1,1,1,NT
34,49,3,1,1,1,NT
35,49,3,1,1,1,sea
32,50,2,1,1,1,NT
33,50,2,1,1,1,sea
32,51,2,1,1,1,sea
33,51,2,1,1,1,sea
32,50,3,1,1,1,NT
33,50,3,1,1,1,NT
32,51,3,1,1,1,NT
33,51,3,1,1,1,sea
34,50,2,2,2,2,
36,48,0,4,4,4,
40,48,0,4,4,4,
44,48,0,4,4,4,
48,48,0,4,4,4,
52,48,0,4,4,4,
56,48,0,4,4,4,
60,48,0,4,4,4,
0,52,0,4,4,4,
4,52,0,4,4,4,
8,52,0,4,4,4,
12,52,0,4,4,4,
16,52,0,4,4,4,
20,52,0,4,4,4,
24,52,0,4,4,4,
28,52,0,2,2,2,
30,52,0,2,2,2,
28,54,0,2,2,2,
30,54,0,2,2,2,
28,52,2,2,2,2,
30,52,2,1,1,1,sea
31,52,2,1,1,1,sea
30,53,2,1,1,1,sea
31,53,2,1,1,1,sea
30,52,3,1,1,1,NT
31,52,3,1,1,1,NT
30,53,3,1,1,1,sea
31,53,3,1,1,1,NT
28,54,2,2,2,2,
30,54,2,2,2,2,
32,52,0,4,4,4,
36,52,0,4,4,4,
40,52,0,4,4,4,
44,52,0,4,4,4,
48,52,0,4,4,4,
52,52,0,4,4,4,
56,52,0,4,4,4,
60,52,0,4,4,4,
0,56,0,4,4,4,
4,56,0,4,4,4,
8,56,0,4,4,4,
12,56,0,4,4,4,
16,56,0,4,4,4,
20,56,0,4,4,4,
24,56,0,4,4,4,
28,56,0,4,4,4,
32,56,0,4,4,4,
36,56,0,4,4,4,
40,56,0,4,4,4,
44,56,0,4,4,4,
48,56,0,4,4,4,
52,56,0,4,4,4,
56,56,0,4,4,4,
60,56,0,4,4,4,
0,60,0,4,4,4,
4,60,0,4,4,4,
8,60,0,4,4,4,
12,60,0,4,4,4,
16,60,0,4,4,4,
20,60,0,4,4,4,
24,60,0,4,4,4,
28,60,0,4,4,4,
32,60,0,4,4,4,
36,60,0,4,4,4,
40,60,0,4,4,4,
44,60,0,4,4,4,
48,60,0,4,4,4,
52,60,0,4,4,4,
56,60,0,4,4,4,
60,60,0,4,4,4,
0,0,4,4,4,4,
4,0,4,4,4,4,
8,0,4,4,4,4,
12,0,4,4,4,4,
16,0,4,4,4,4,
20,0,4,4,4,4,
24,0,4,4,4,4,
28,0,4,4,4,4,
32,0,4,4,4,4,
36,0,4,4,4,4,
40,0,4,4,4,4,
44,0,4,4,4,4,
48,0,4,2,2,2,
50,0,4,2,2,2,
48,2,4,2,2,2,
50,2,4,2,2,2,
48,0,6,2,2,2,
50,0,6,2,2,2,
48,2,6,1,1,1,sea
49,2,6,1,1,1,sea
48,3,6,1,1,1,sea
49,3,6,1,1,1,sea
48,2,7,1,1,1,sea
49,2,7,1,1,1,TAS
48,3,7,1,1,1,sea
49,3,7,1,1,1,TAS
50,2,6,1,1,1,sea
51,2,6,1,1,1,sea
50,3,6,1,1,1,TAS
51,3,6,1,1,1,sea
50,2,7,1,1,1,TAS
51,2,7,1,1,1,sea
50,3,7,1,1,1,TAS
51,3,7,1,1,1,TAS
52,0,4,4,4,4,
56,0,4,4,4,4,
60,0,4,4,4,4,
0,4,4,4,4,4,
4,4,4,4,4,4,
8,4,4,4,4,4,
12,4,4,4,4,4,
16,4,4,4,4,4,
20,4,4,4,4,4,
24,4,4,4,4,4,
28,4,4,4,4,4,
32,4,4,4,4,4,
36,4,4,4,4,4,
40,4,4,4,4,4,
44,4,4,4,4,4,
48,4,4,2,2,2,
50,4,4,2,2,2,
48,6,4,2,2,2,
50,6,4,2,2,2,
48,4,6,1,1,1,sea
49,4,6,1,1,1,sea
48,5,6,1,1,1,sea
49,5,6,1,1,1,TAS
48,4,7,1,1,1,sea
49,4,7,1,1,1,TAS
48,5,7,1,1,1,TAS
49,5,7,1,1,1,TAS
50,4,6,1,1,1,TAS
51,4,6,1,1,1,TAS
50,5,6,1,1,1,sea
51,5,6,1,1,1,sea
50,4,7,1,1,1,TAS
51,4,7,1,1,1,TAS
50,5,7,1,1,1,TAS
51,5,7,1,1,1,TAS
48,6,6,1,1,1,sea
49,6,6,1,1,1,sea
48,7,6,1,1,1,sea
49,7,6,1,1,1,sea
48,6,7,1,1,1,TAS
49,6,7,1,1,1,TAS
48,7,7,1,1,1,sea
49,7,7,1,1,1,sea
50,6,6,2,2,2,
52,4,4,2,2,2,
54,4,4,2,2,2,
52,6,4,2,2,2,
54,6,4,2,2,2,
52,4,6,1,1,1,sea
53,4,6,1,1,1,sea
52,5,6,1,1,1,sea
53,5,6,1,1,1,sea
52,4,7,1,1,1,TAS
53,4,7,1,1,1,sea
52,5,7,1,1,1,TAS
53,5,7,1,1,1,sea
54,4,6,2,2,2,
52,6,6,1,1,1,sea
53,6,6,1,1,1,sea
52,7,6,1,1,1,sea
53,7,6,1,1,1,sea
52,6,7,1,1,1,TAS
53,6,7,1,1,1,sea
52,7,7,1,1,1,sea
53,7,7,1,1,1,sea
54,6,6,2,2,2,
56,4,4,4,4,4,
60,4,4,4,4,4,
0,8,4,4,4,4,
4,8,4,4,4,4,
8,8,4,4,4,4,
12,8,4,4,4,4,
16,8,4,4,4,4,
20,8,4,4,4,4,
24,8,4,4,4,4,
28,8,4,4,4,4,
32,8,4,4,4,4,
36,8,4,4,4,4,
40,8,4,4,4,4,
44,8,4,2,2,2,
46,8,4,2,2,2,
44,10,4,2,2,2,
46,10,4,2,2,2,
44,8,6,2,2,2,
46,8,6,2,2,2,
44,10,6,1,1,1,sea
45,10,6,1,1,1,sea
44,11,6,1,1,1,sea
45,11,6,1,1,1,sea
44,10,7,1,1,1,sea
45,10,7,1,1,1,sea
44,11,7,1,1,1,sea
45,11,7,1,1,1,VIC
46,10,6,1,1,1,sea
47,10,6,1,1,1,sea
46,11,6,1,1,1,sea
47,11,6,1,1,1,sea
46,10,7,1,1,1,sea
47,10,7,1,1,1,sea
46,11,7,1,1,1,VIC
47,11,7,1,1,1,VIC
48,8,4,2,2,2,
50,8,4,2,2,2,
48,10,4,2,2,2,
50,10,4,2,2,2,
48,8,6,2,2,2,
50,8,6,2,2,2,
48,10,6,1,1,1,sea
49,10,6,1,1,1,sea
48,11,6,1,1,1,sea
49,11,6,1,1,1,sea
48,10,7,1,1,1,sea
49,10,7,1,1,1,sea
48,11,7,1,1,1,sea
49,11,7,1,1,1,VIC
50,10,6,1,1,1,sea
51,10,6,1,1,1,sea
50,11,6,1,1,1,VIC
51,11,6,1,1,1,sea
50,10,7,1,1,1,VIC
51,10,7,1,1,1,sea
50,11,7,1,1,1,VIC
51,11,7,1,1,1,VIC
52,8,4,4,4,4,
56,8,4,4,4,4,
60,8,4,4,4,4,
0,12,4,4,4,4,
4,12,4,4,4,4,
8,12,4,2,2,2,
10,12,4,2,2,2,
8,14,4,2,2,2,
10,14,4,2,2,2,
8,12,6,2,2,2,
10,12,6,2,2,2,
8,14,6,1,1,1,sea
9,14,6,1,1,1,sea
8,15,6,1,1,1,sea
9,15,6,1,1,1,sea
8,14,7,1,1,1,sea
9,14,7,1,1,1,sea
8,15,7,1,1,1,sea
9,15,7,1,1,1,WA
10,14,6,1,1,1,sea
11,14,6,1,1,1,sea
10,15,6,1,1,1,sea
11,15,6,1,1,1,sea
10,14,7,1,1,1,sea
11,14,7,1,1,1,sea
10,15,7,1,1,1,WA
11,15,7,1,1,1,WA
12,12,4,4,4,4,
16,12,4,4,4,4,
20,12,4,4,4,4,
24,12,4,4,4,4,
28,12,4,4,4,4,
32,12,4,4,4,4,
36,12,4,2,2,2,
38,12,4,2,2,2,
36,14,4,2,2,2,
38,14,4,2,2,2,
36,12,6,2,2,2,
38,12,6,2,2,2,
36,14,6,2,2,2,
38,14,6,1,1,1,sea
39,14,6,1,1,1,sea
38,15,6,1,1,1,sea
39,15,6,1,1,1,sea
38,14,7,1,1,1,sea
39,14,7,1,1,1,sea
38,15,7,1,1,1,sea
39,15,7,1,1,1,SA
40,12,4,2,2,2,
42,12,4,2,2,2,
40,14,4,2,2,2,
42,14,4,2,2,2,
40,12,6,2,2,2,
42,12,6,1,1,1,sea
43,12,6,1,1,1,sea
42,13,6,1,1,1,sea
43,13,6,1,1,1,SA
42,12,7,1,1,1,sea
43,12,7,1,1,1,SA
42,13,7,1,1,1,SA
43,13,7,1,1,1,SA
40,14,6,1,1,1,sea
41,14,6,1,1,1,sea
40,15,6,1,1,1,sea
41,15,6,1,1,1,sea
40,14,7,1,1,1,sea
41,14,7,1,1,1,sea
40,15,7,1,1,1,SA
41,15,7,1,1,1,sea
42,14,6,1,1,1,sea
43,14,6,1,1,1,SA
42,15,6,1,1,1,sea
43,15,6,1,1,1,SA
42,14,7,1,1,1,SA
43,14,7,1,1,1,SA
42,15,7,1,1,1,SA
43,15,7,1,1,1,SA
44,12,4,1,1,1,sea
45,12,4,1,1,1,sea
44,13,4,1,1,1,sea
45,13,4,1,1,1,sea
44,12,5,1,1,1,sea
45,12,5,1,1,1,sea
44,13,5,1,1,1,sea
45,13,5,1,1,1,VIC
46,12,4,1,1,1,sea
47,12,4,1,1,1,sea
46,13,4,1,1,1,sea
47,13,4,1,1,1,sea
46,12,5,1,1,1,sea
47,12,5,1,1,1,sea
46,13,5,1,1,1,VIC
47,13,5,1,1,1,VIC
44,14,4,1,1,1,sea
45,14,4,1,1,1,VIC
44,15,4,1,1,1,sea
45,15,4,1,1,1,VIC
44,14,5,1,1,1,VIC
45,14,5,1,1,1,VIC
44,15,5,1,1,1,VIC
45,15,5,1,1,1,VIC
46,14,4,2,2,2,
44,12,6,1,1,1,sea
45,12,6,1,1,1,VIC
44,13,6,1,1,1,VIC
45,13,6,1,1,1,VIC
44,12,7,1,1,1,VIC
45,12,7,1,1,1,VIC
44,13,7,1,1,1,VIC
45,13,7,1,1,1,VIC
46,12,6,2,2,2,
44,14,6,2,2,2,
46,14,6,2,2,2,
48,12,4,1,1,1,sea
49,12,4,1,1,1,sea
48,13,4,1,1,1,sea
49,13,4,1,1,1,sea
48,12,5,1,1,1,sea
49,12,5,1,1,1,sea
48,13,5,1,1,1,sea
49,13,5,1,1,1,VIC
50,12,4,1,1,1,sea
51,12,4,1,1,1,sea
50,13,4,1,1,1,VIC
51,13,4,1,1,1,sea
50,12,5,1,1,1,VIC
51,12,5,1,1,1,sea
50,13,5,1,1,1,VIC
51,13,5,1,1,1,VIC
48,14,4,1,1,1,sea
49,14,4,1,1,1,VIC
48,15,4,1,1,1,VIC
49,15,4,1,1,1,VIC
48,14,5,1,1,1,VIC
49,14,5,1,1,1,VIC
48,15,5,1,1,1,VIC
49,15,5,1,1,1,VIC
50,14,4,1,1,1,VIC
51,14,4,1,1,1,VIC
50,15,4,1,1,1,VIC
51,15,4,1,1,1,NSW
50,14,5,1,1,1,VIC
51,14,5,1,1,1,VIC
50,15,5,1,1,1,VIC
51,15,5,1,1,1,NSW
48,12,6,1,1,1,sea
49,12,6,1,1,1,VIC
48,13,6,1,1,1,VIC
49,13,6,1,1,1,VIC
48,12,7,1,1,1,VIC
49,12,7,1,1,1,VIC
48,13,7,1,1,1,VIC
49,13,7,1,1,1,VIC
50,12,6,2,2,2,
48,14,6,2,2,2,
50,14,6,1,1,1,VIC
51,14,6,1,1,1,VIC
50,15,6,1,1,1,VIC
51,15,6,1,1,1,NSW
50,14,7,1,1,1,VIC
51,14,7,1,1,1,VIC
50,15,7,1,1,1,VIC
51,15,7,1,1,1,NSW
52,12,4,2,2,2,
54,12,4,2,2,2,
52,14,4,1,1,1,sea
53,14,4,1,1,1,sea
52,15,4,1,1,1,NSW
53,15,4,1,1,1,NSW
52,14,5,1,1,1,VIC
53,14,5,1,1,1,NSW
52,15,5,1,1,1,NSW
53,15,5,1,1,1,NSW
54,14,4,1,1,1,sea
55,14,4,1,1,1,sea
54,15,4,1,1,1,sea
55,15,4,1,1,1,sea
54,14,5,1,1,1,NSW
55,14,5,1,1,1,sea
54,15,5,1,1,1,NSW
55,15,5,1,1,1,sea
52,12,6,1,1,1,sea
53,12,6,1,1,1,sea
52,13,6,1,1,1,VIC
53,13,6,1,1,1,VIC
52,12,7,1,1,1,VIC
53,12,7,1,1,1,VIC
52,13,7,1,1,1,VIC
53,13,7,1,1,1,VIC
54,12,6,1,1,1,sea
55,12,6,1,1,1,sea
54,13,6,1,1,1,VIC
55,13,6,1,1,1,sea
54,12,7,1,1,1,VIC
55,12,7,1,1,1,VIC
54,13,7,1,1,1,VIC
55,13,7,1,1,1,VIC
52,14,6,1,1,1,VIC
53,14,6,1,1,1,NSW
52,15,6,1,1,1,NSW
53,15,6,1,1,1,NSW
52,14,7,1,1,1,VIC
53,14,7,1,1,1,NSW
52,15,7,1,1,1,NSW
53,15,7,1,1,1,NSW
54,14,6,2,2,2,
56,12,4,2,2,2,
58,12,4,2,2,2,
56,14,4,2,2,2,
58,14,4,2,2,2,
56,12,6,2,2,2,
58,12,6,2,2,2,
56,14,6,1,1,1,sea
57,14,6,1,1,1,sea
56,15,6,1,1,1,sea
57,15,6,1,1,1,sea
56,14,7,1,1,1,NSW
57,14,7,1,1,1,sea
56,15,7,1,1,1,NSW
57,15,7,1,1,1,sea
58,14,6,2,2,2,
60,12,4,4,4,4,
0,16,4,4,4,4,
4,16,4,2,2,2,
6,16,4,2,2,2,
4,18,4,2,2,2,
6,18,4,2,2,2,
4,16,6,2,2,2,
6,16,6,1,1,1,sea
7,16,6,1,1,1,sea
6,17,6,1,1,1,sea
7,17,6,1,1,1,sea
6,16,7,1,1,1,sea
7,16,7,1,1,1,WA
6,17,7,1,1,1,sea
7,17,7,1,1,1,WA
4,18,6,2,2,2,
6,18,6,1,1,1,sea
7,18,6,1,1,1,sea
6,19,6,1,1,1,sea
7,19,6,1,1,1,sea
6,18,7,1,1,1,sea
7,18,7,1,1,1,WA
6,19,7,1,1,1,sea
7,19,7,1,1,1,WA
8,16,4,1,1,1,sea
9,16,4,1,1,1,sea
8,17,4,1,1,1,sea
9,17,4,1,1,1,sea
8,16,5,1,1,1,sea
9,16,5,1,1,1,sea
8,17,5,1,1,1,sea
9,17,5,1,1,1,WA
10,16,4,1,1,1,sea
11,16,4,1,1,1,sea
10,17,4,1,1,1,sea
11,17,4,1,1,1,sea
10,16,5,1,1,1,sea
11,16,5,1,1,1,sea
10,17,5,1,1,1,WA
11,17,5,1,1,1,WA
8,18,4,1,1,1,sea
9,18,4,1,1,1,sea
8,19,4,1,1,1,sea
9,19,4,1,1,1,sea
8,18,5,1,1,1,sea
9,18,5,1,1,1,WA
8,19,5,1,1,1,sea
9,19,5,1,1,1,WA
10,18,4,2,2,2,
8,16,6,1,1,1,sea
9,16,6,1,1,1,WA
8,17,6,1,1,1,WA
9,17,6,1,1,1,WA
8,16,7,1,1,1,WA
9,16,7,1,1,1,WA
8,17,7,1,1,1,WA
9,17,7,1,1,1,WA
10,16,6,2,2,2,
8,18,6,2,2,2,
10,18,6,2,2,2,
12,16,4,2,2,2,
14,16,4,2,2,2,
12,18,4,1,1,1,sea
13,18,4,1,1,1,sea
12,19,4,1,1,1,WA
13,19,4,1,1,1,sea
12,18,5,1,1,1,WA
13,18,5,1,1,1,sea
12,19,5,1,1,1,WA
13,19,5,1,1,1,WA
14,18,4,2,2,2,
12,16,6,1,1,1,sea
13,16,6,1,1,1,sea
12,17,6,1,1,1,WA
13,17,6,1,1,1,sea
12,16,7,1,1,1,WA
13,16,7,1,1,1,sea
12,17,7,1,1,1,WA
13,17,7,1,1,1,WA
14,16,6,2,2,2,
12,18,6,2,2,2,
14,18,6,1,1,1,sea
15,18,6,1,1,1,sea
14,19,6,1,1,1,WA
15,19,6,1,1,1,WA
14,18,7,1,1,1,WA
15,18,7,1,1,1,WA
14,19,7,1,1,1,WA
15,19,7,1,1,1,WA
16,16,4,2,2,2,
18,16,4,2,2,2,
16,18,4,2,2,2,
18,18,4,2,2,2,
16,16,6,2,2,2,
18,16,6,2,2,2,
16,18,6,1,1,1,sea
17,18,6,1,1,1,sea
16,19,6,1,1,1,WA
17,19,6,1,1,1,WA
16,18,7,1,1,1,WA
17,18,7,1,1,1,WA
16,19,7,1,1,1,WA
17,19,7,1,1,1,WA
18,18,6,1,1,1,sea
19,18,6,1,1,1,sea
18,19,6,1,1,1,sea
19,19,6,1,1,1,sea
18,18,7,1,1,1,sea
19,18,7,1,1,1,sea
18,19,7,1,1,1,WA
19,19,7,1,1,1,sea
20,16,4,4,4,4,
24,16,4,4,4,4,
28,16,4,4,4,4,
32,16,4,2,2,2,
34,16,4,2,2,2,
32,18,4,2,2,2,
34,18,4,2,2,2,
32,16,6,2,2,2,
34,16,6,2,2,2,
32,18,6,2,2,2,
34,18,6,1,1,1,sea
35,18,6,1,1,1,sea
34,19,6,1,1,1,sea
35,19,6,1,1,1,sea
34,18,7,1,1,1,sea
35,18,7,1,1,1,sea
34,19,7,1,1,1,sea
35,19,7,1,1,1,SA
36,16,4,2,2,2,
38,16,4,2,2,2,
36,18,4,2,2,2,
38,18,4,2,2,2,
36,16,6,2,2,2,
38,16,6,1,1,1,sea
39,16,6,1,1,1,sea
38,17,6,1,1,1,sea
39,17,6,1,1,1,sea
38,16,7,1,1,1,sea
39,16,7,1,1,1,sea
38,17,7,1,1,1,SA
39,17,7,1,1,1,SA
36,18,6,1,1,1,sea
37,18,6,1,1,1,sea
36,19,6,1,1,1,SA
37,19,6,1,1,1,sea
36,18,7,1,1,1,SA
37,18,7,1,1,1,sea
36,19,7,1,1,1,SA
37,19,7,1,1,1,SA
38,18,6,1,1,1,sea
39,18,6,1,1,1,sea
38,19,6,1,1,1,sea
39,19,6,1,1,1,sea
38,18,7,1,1,1,sea
39,18,7,1,1,1,SA
38,19,7,1,1,1,sea
39,19,7,1,1,1,SA
40,16,4,2,2,2,
42,16,4,1,1,1,sea
43,16,4,1,1,1,sea
42,17,4,1,1,1,sea
43,17,4,1,1,1,sea
42,16,5,1,1,1,sea
43,16,5,1,1,1,SA
42,17,5,1,1,1,sea
43,17,5,1,1,1,SA
40,18,4,1,1,1,sea
41,18,4,1,1,1,sea
40,19,4,1,1,1,sea
41,19,4,1,1,1,sea
40,18,5,1,1,1,sea
41,18,5,1,1,1,sea
40,19,5,1,1,1,sea
41,19,5,1,1,1,SA
42,18,4,1,1,1,sea
43,18,4,1,1,1,SA
42,19,4,1,1,1,SA
43,19,4,1,1,1,SA
42,18,5,1,1,1,SA
43,18,5,1,1,1,SA
42,19,5,1,1,1,SA
43,19,5,1,1,1,SA
40,16,6,1,1,1,sea
41,16,6,1,1,1,sea
40,17,6,1,1,1,sea
41,17,6,1,1,1,sea
40,16,7,1,1,1,sea
41,16,7,1,1,1,SA
40,17,7,1,1,1,sea
41,17,7,1,1,1,SA
42,16,6,2,2,2,
40,18,6,1,1,1,sea
41,18,6,1,1,1,SA
40,19,6,1,1,1,SA
41,19,6,1,1,1,SA
40,18,7,1,1,1,SA
41,18,7,1,1,1,SA
40,19,7,1,1,1,SA
41,19,7,1,1,1,SA
42,18,6,2,2,2,
44,16,4,2,2,2,
46,16,4,1,1,1,VIC
47,16,4,1,1,1,VIC
46,17,4,1,1,1,VIC
47,17,4,1,1,1,NSW
46,16,5,1,1,1,VIC
47,16,5,1,1,1,VIC
46,17,5,1,1,1,VIC
47,17,5,1,1,1,NSW
44,18,4,1,1,1,VIC
45,18,4,1,1,1,VIC
44,19,4,1,1,1,NSW
45,19,4,1,1,1,NSW
44,18,5,1,1,1,VIC
45,18,5,1,1,1,VIC
44,19,5,1,1,1,NSW
45,19,5,1,1,1,NSW
46,18,4,2,2,2,
44,16,6,2,2,2,
46,16,6,1,1,1,VIC
47,16,6,1,1,1,VIC
46,17,6,1,1,1,VIC
47,17,6,1,1,1,NSW
46,16,7,1,1,1,VIC
47,16,7,1,1,1,VIC
46,17,7,1,1,1,VIC
47,17,7,1,1,1,NSW
44,18,6,1,1,1,VIC
45,18,6,1,1,1,VIC
44,19,6,1,1,1,NSW
45,19,6,1,1,1,NSW
44,18,7,1,1,1,VIC
45,18,7,1,1,1,VIC
44,19,7,1,1,1,NSW
45,19,7,1,1,1,NSW
46,18,6,2,2,2,
48,16,4,4,4,4,
52,16,4,2,2,2,
54,16,4,1,1,1,NSW
55,16,4,1,1,1,sea
54,17,4,1,1,1,NSW
55,17,4,1,1,1,NSW
54,16,5,1,1,1,NSW
55,16,5,1,1,1,NSW
54,17,5,1,1,1,NSW
55,17,5,1,1,1,NSW
52,18,4,2,2,2,
54,18,4,2,2,2,
52,16,6,2,2,2,
54,16,6,2,2,2,
52,18,6,2,2,2,
54,18,6,2,2,2,
56,16,4,1,1,1,sea
57,16,4,1,1,1,sea
56,17,4,1,1,1,sea
57,17,4,1,1,1,sea
56,16,5,1,1,1,sea
57,16,5,1,1,1,sea
56,17,5,1,1,1,NSW
57,17,5,1,1,1,sea
58,16,4,2,2,2,
56,18,4,1,1,1,NSW
57,18,4,1,1,1,sea
56,19,4,1,1,1,NSW
57,19,4,1,1,1,sea
56,18,5,1,1,1,NSW
57,18,5,1,1,1,NSW
56,19,5,1,1,1,NSW
57,19,5,1,1,1,NSW
58,18,4,2,2,2,
56,16,6,1,1,1,NSW
57,16,6,1,1,1,sea
56,17,6,1,1,1,NSW
57,17,6,1,1,1,NSW
56,16,7,1,1,1,NSW
57,16,7,1,1,1,NSW
56,17,7,1,1,1,NSW
57,17,7,1,1,1,NSW
58,16,6,1,1,1,sea
59,16,6,1,1,1,sea
58,17,6,1,1,1,sea
59,17,6,1,1,1,sea
58,16,7,1,1,1,sea
59,16,7,1,1,1,sea
58,17,7,1,1,1,NSW
59,17,7,1,1,1,sea
56,18,6,2,2,2,
58,18,6,1,1,1,NSW
59,18,6,1,1,1,sea
58,19,6,1,1,1,NSW
59,19,6,1,1,1,sea
58,18,7,1,1,1,NSW
59,18,7,1,1,1,NSW
58,19,7,1,1,1,NSW
59,19,7,1,1,1,NSW
60,16,4,4,4,4,
0,20,4,4,4,4,
4,20,4,2,2,2,
6,20,4,2,2,2,
4,22,4,2,2,2,
6,22,4,1,1,1,sea
7,22,4,1,1,1,sea
6,23,4,1,1,1,sea
7,23,4,1,1,1,sea
6,22,5,1,1,1,sea
7,22,5,1,1,1,sea
6,23,5,1,1,1,sea
7,23,5,1,1,1,WA
4,20,6,2,2,2,
6,20,6,1,1,1,sea
7,20,6,1,1,1,sea
6,21,6,1,1,1,sea
7,21,6,1,1,1,WA
6,20,7,1,1,1,sea
7,20,7,1,1,1,WA
6,21,7,1,1,1,WA
7,21,7,1,1,1,WA
4,22,6,1,1,1,sea
5,22,6,1,1,1,sea
4,23,6,1,1,1,sea
5,23,6,1,1,1,sea
4,22,7,1,1,1,sea
5,22,7,1,1,1,sea
4,23,7,1,1,1,sea
5,23,7,1,1,1,WA
6,22,6,1,1,1,sea
7,22,6,1,1,1,WA
6,23,6,1,1,1,WA
7,23,6,1,1,1,WA
6,22,7,1,1,1,WA
7,22,7,1,1,1,WA
6,23,7,1,1,1,WA
7,23,7,1,1,1,WA
8,20,4,1,1,1,sea
9,20,4,1,1,1,sea
8,21,4,1,1,1,sea
9,21,4,1,1,1,WA
8,20,5,1,1,1,sea
9,20,5,1,1,1,WA
8,21,5,1,1,1,WA
9,21,5,1,1,1,WA
10,20,4,2,2,2,
8,22,4,1,1,1,sea
9,22,4,1,1,1,WA
8,23,4,1,1,1,WA
9,23,4,1,1,1,WA
8,22,5,1,1,1,WA
9,22,5,1,1,1,WA
8,23,5,1,1,1,WA
9,23,5,1,1,1,WA
10,22,4,2,2,2,
8,20,6,2,2,2,
10,20,6,2,2,2,
8,22,6,2,2,2,
10,22,6,2,2,2,
12,20,4,2,2,2,
14,20,4,1,1,1,sea
15,20,4,1,1,1,sea
14,21,4,1,1,1,WA
15,21,4,1,1,1,WA
14,20,5,1,1,1,WA
15,20,5,1,1,1,WA
14,21,5,1,1,1,WA
15,21,5,1,1,1,WA
12,22,4,2,2,2,
14,22,4,2,2,2,
12,20,6,2,2,2,
14,20,6,2,2,2,
12,22,6,2,2,2,
14,22,6,2,2,2,
16,20,4,1,1,1,sea
17,20,4,1,1,1,sea
16,21,4,1,1,1,WA
17,21,4,1,1,1,WA
16,20,5,1,1,1,WA
17,20,5,1,1,1,WA
16,21,5,1,1,1,WA
17,21,5,1,1,1,WA
18,20,4,1,1,1,sea
19,20,4,1,1,1,sea
18,21,4,1,1,1,sea
19,21,4,1,1,1,sea
18,20,5,1,1,1,sea
19,20,5,1,1,1,sea
18,21,5,1,1,1,WA
19,21,5,1,1,1,sea
16,22,4,2,2,2,
18,22,4,1,1,1,WA
19,22,4,1,1,1,sea
18,23,4,1,1,1,WA
19,23,4,1,1,1,WA
18,22,5,1,1,1,WA
19,22,5,1,1,1,WA
18,23,5,1,1,1,WA
19,23,5,1,1,1,WA
16,20,6,2,2,2,
18,20,6,1,1,1,WA
19,20,6,1,1,1,sea
18,21,6,1,1,1,WA
19,21,6,1,1,1,WA
18,20,7,1,1,1,WA
19,20,7,1,1,1,WA
18,21,7,1,1,1,WA
19,21,7,1,1,1,WA
16,22,6,2,2,2,
18,22,6,2,2,2,
20,20,4,2,2,2,
22,20,4,2,2,2,
20,22,4,1,1,1,sea
21,22,4,1,1,1,sea
20,23,4,1,1,1,WA
21,23,4,1,1,1,sea
20,22,5,1,1,1,WA
21,22,5,1,1,1,sea
20,23,5,1,1,1,WA
21,23,5,1,1,1,WA
22,22,4,1,1,1,sea
23,22,4,1,1,1,sea
22,23,4,1,1,1,sea
23,23,4,1,1,1,sea
22,22,5,1,1,1,sea
23,22,5,1,1,1,sea
22,23,5,1,1,1,WA
23,23,5,1,1,1,sea
20,20,6,1,1,1,sea
21,20,6,1,1,1,sea
20,21,6,1,1,1,WA
21,21,6,1,1,1,sea
20,20,7,1,1,1,WA
21,20,7,1,1,1,sea
20,21,7,1,1,1,WA
21,21,7,1,1,1,WA
22,20,6,1,1,1,sea
23,20,6,1,1,1,sea
22,21,6,1,1,1,sea
23,21,6,1,1,1,sea
22,20,7,1,1,1,sea
23,20,7,1,1,1,sea
22,21,7,1,1,1,WA
23,21,7,1,1,1,sea
20,22,6,2,2,2,
22,22,6,1,1,1,WA
23,22,6,1,1,1,sea
22,23,6,1,1,1,WA
23,23,6,1,1,1,WA
22,22,7,1,1,1,WA
23,22,7,1,1,1,WA
22,23,7,1,1,1,WA
23,23,7,1,1,1,WA
24,20,4,2,2,2,
26,20,4,2,2,2,
24,22,4,2,2,2,
26,22,4,2,2,2,
24,20,6,2,2,2,
26,20,6,2,2,2,
24,22,6,1,1,1,sea
25,22,6,1,1,1,sea
24,23,6,1,1,1,sea
25,23,6,1,1,1,sea
24,22,7,1,1,1,sea
25,22,7,1,1,1,sea
24,23,7,1,1,1,WA
25,23,7,1,1,1,SA
26,22,6,1,1,1,sea
27,22,6,1,1,1,sea
26,23,6,1,1,1,sea
27,23,6,1,1,1,sea
26,22,7,1,1,1,sea
27,22,7,1,1,1,sea
26,23,7,1,1,1,SA
27,23,7,1,1,1,SA
28,20,4,2,2,2,
30,20,4,2,2,2,
28,22,4,2,2,2,
30,22,4,2,2,2,
28,20,6,2,2,2,
30,20,6,2,2,2,
28,22,6,1,1,1,sea
29,22,6,1,1,1,sea
28,23,6,1,1,1,sea
29,23,6,1,1,1,sea
28,22,7,1,1,1,sea
29,22,7,1,1,1,sea
28,23,7,1,1,1,SA
29,23,7,1,1,1,SA
30,22,6,1,1,1,sea
31,22,6,1,1,1,sea
30,23,6,1,1,1,sea
31,23,6,1,1,1,sea
30,22,7,1,1,1,sea
31,22,7,1,1,1,sea
30,23,7,1,1,1,SA
31,23,7,1,1,1,SA
32,20,4,2,2,2,
34,20,4,2,2,2,
32,22,4,2,2,2,
34,22,4,1,1,1,sea
35,22,4,1,1,1,sea
34,23,4,1,1,1,sea
35,23,4,1,1,1,SA
34,22,5,1,1,1,sea
35,22,5,1,1,1,SA
34,23,5,1,1,1,SA
35,23,5,1,1,1,SA
32,20,6,2,2,2,
34,20,6,1,1,1,sea
35,20,6,1,1,1,sea
34,21,6,1,1,1,sea
35,21,6,1,1,1,SA
34,20,7,1,1,1,sea
35,20,7,1,1,1,SA
34,21,7,1,1,1,SA
35,21,7,1,1,1,SA
32,22,6,1,1,1,sea
33,22,6,1,1,1,sea
32,23,6,1,1,1,sea
33,23,6,1,1,1,SA
32,22,7,1,1,1,sea
33,22,7,1,1,1,SA
32,23,7,1,1,1,SA
33,23,7,1,1,1,SA
34,22,6,2,2,2,
36,20,4,1,1,1,sea
37,20,4,1,1,1,sea
36,21,4,1,1,1,sea
37,21,4,1,1,1,sea
36,20,5,1,1,1,sea
37,20,5,1,1,1,sea
36,21,5,1,1,1,SA
37,21,5,1,1,1,sea
38,20,4,2,2,2,
36,22,4,1,1,1,SA
37,22,4,1,1,1,sea
36,23,4,1,1,1,SA
37,23,4,1,1,1,SA
36,22,5,1,1,1,SA
37,22,5,1,1,1,SA
36,23,5,1,1,1,SA
37,23,5,1,1,1,SA
38,22,4,1,1,1,sea
39,22,4,1,1,1,sea
38,23,4,1,1,1,sea
39,23,4,1,1,1,sea
38,22,5,1,1,1,sea
39,22,5,1,1,1,sea
38,23,5,1,1,1,SA
39,23,5,1,1,1,sea
36,20,6,2,2,2,
38,20,6,1,1,1,sea
39,20,6,1,1,1,sea
38,21,6,1,1,1,sea
39,21,6,1,1,1,sea
38,20,7,1,1,1,SA
39,20,7,1,1,1,sea
38,21,7,1,1,1,SA
39,21,7,1,1,1,sea
36,22,6,2,2,2,
38,22,6,1,1,1,SA
39,22,6,1,1,1,sea
38,23,6,1,1,1,SA
39,23,6,1,1,1,SA
38,22,7,1,1,1,SA
39,22,7,1,1,1,SA
38,23,7,1,1,1,SA
39,23,7,1,1,1,SA
40,20,4,2,2,2,
42,20,4,1,1,1,sea
43,20,4,1,1,1,SA
42,21,4,1,1,1,sea
43,21,4,1,1,1,SA
42,20,5,1,1,1,SA
43,20,5,1,1,1,SA
42,21,5,1,1,1,SA
43,21,5,1,1,1,SA
40,22,4,1,1,1,sea
41,22,4,1,1,1,sea
40,23,4,1,1,1,sea
41,23,4,1,1,1,SA
40,22,5,1,1,1,sea
41,22,5,1,1,1,SA
40,23,5,1,1,1,SA
41,23,5,1,1,1,SA
42,22,4,2,2,2,
40,20,6,1,1,1,sea
41,20,6,1,1,1,SA
40,21,6,1,1,1,sea
41,21,6,1,1,1,SA
40,20,7,1,1,1,SA
41,20,7,1,1,1,SA
40,21,7,1,1,1,SA
41,21,7,1,1,1,SA
42,20,6,2,2,2,
40,22,6,2,2,2,
42,22,6,2,2,2,
44,20,4,4,4,4,
48,20,4,4,4,4,
52,20,4,4,4,4,
56,20,4,2,2,2,
58,20,4,1,1,1,sea
59,20,4,1,1,1,sea
58,21,4,1,1,1,sea
59,21,4,1,1,1,sea
58,20,5,1,1,1,NSW
59,20,5,1,1,1,sea
58,21,5,1,1,1,NSW
59,21,5,1,1,1,sea
56,22,4,2,2,2,
58,22,4,1,1,1,NSW
59,22,4,1,1,1,sea
58,23,4,1,1,1,NSW
59,23,4,1,1,1,NSW
58,22,5,1,1,1,NSW
59,22,5,1,1,1,NSW
58,23,5,1,1,1,NSW
59,23,5,1,1,1,NSW
56,20,6,2,2,2,
58,20,6,2,2,2,
56,22,6,2,2,2,
58,22,6,2,2,2,
60,20,4,2,2,2,
62,20,4,2,2,2,
60,22,4,1,1,1,sea
61,22,4,1,1,1,sea
60,23,4,1,1,1,sea
61,23,4,1,1,1,sea
60,22,5,1,1,1,sea
61,22,5,1,1,1,sea
60,23,5,1,1,1,NSW
61,23,5,1,1,1,sea
62,22,4,2,2,2,
60,20,6,1,1,1,sea
61,20,6,1,1,1,sea
60,21,6,1,1,1,sea
61,21,6,1,1,1,sea
60,20,7,1,1,1,NSW
61,20,7,1,1,1,sea
60,21,7,1,1,1,NSW
61,21,7,1,1,1,sea
62,20,6,2,2,2,
60,22,6,1,1,1,NSW
61,22,6,1,1,1,sea
60,23,6,1,1,1,NSW
61,23,6,1,1,1,NSW
60,22,7,1,1,1,NSW
61,22,7,1,1,1,NSW
60,23,7,1,1,1,NSW
61,23,7,1,1,1,NSW
62,22,6,1,1,1,sea
63,22,6,1,1,1,sea
62,23,6,1,1,1,sea
63,23,6,1,1,1,sea
62,22,7,1,1,1,sea
63,22,7,1,1,1,sea
62,23,7,1,1,1,NSW
63,23,7,1,1,1,sea
0,24,4,2,2,2,
2,24,4,2,2,2,
0,26,4,2,2,2,
2,26,4,2,2,2,
0,24,6,2,2,2,
2,24,6,2,2,2,
0,26,6,2,2,2,
2,26,6,1,1,1,sea
3,26,6,1,1,1,sea
2,27,6,1,1,1,sea
3,27,6,1,1,1,sea
2,26,7,1,1,1,sea
3,26,7,1,1,1,sea
2,27,7,1,1,1,sea
3,27,7,1,1,1,WA
4,24,4,2,2,2,
6,24,4,1,1,1,sea
7,24,4,1,1,1,sea
6,25,4,1,1,1,sea
7,25,4,1,1,1,WA
6,24,5,1,1,1,sea
7,24,5,1,1,1,WA
6,25,5,1,1,1,WA
7,25,5,1,1,1,WA
4,26,4,1,1,1,sea
5,26,4,1,1,1,sea
4,27,4,1,1,1,sea
5,27,4,1,1,1,sea
4,26,5,1,1,1,sea
5,26,5,1,1,1,sea
4,27,5,1,1,1,sea
5,27,5,1,1,1,WA
6,26,4,1,1,1,sea
7,26,4,1,1,1,WA
6,27,4,1,1,1,WA
7,27,4,1,1,1,WA
6,26,5,1,1,1,WA
7,26,5,1,1,1,WA
6,27,5,1,1,1,WA
7,27,5,1,1,1,WA
4,24,6,1,1,1,sea
5,24,6,1,1,1,sea
4,25,6,1,1,1,sea
5,25,6,1,1,1,WA
4,24,7,1,1,1,sea
5,24,7,1,1,1,WA
4,25,7,1,1,1,WA
5,25,7,1,1,1,WA
6,24,6,2,2,2,
4,26,6,1,1,1,sea
5,26,6,1,1,1,WA
4,27,6,1,1,1,WA
5,27,6,1,1,1,WA
4,26,7,1,1,1,WA
5,26,7,1,1,1,WA
4,27,7,1,1,1,WA
5,27,7,1,1,1,WA
6,26,6,2,2,2,
8,24,4,4,4,4,
12,24,4,4,4,4,
16,24,4,4,4,4,
20,24,4,2,2,2,
22,24,4,1,1,1,WA
23,24,4,1,1,1,sea
22,25,4,1,1,1,WA
23,25,4,1,1,1,WA
22,24,5,1,1,1,WA
23,24,5,1,1,1,WA
22,25,5,1,1,1,WA
23,25,5,1,1,1,WA
20,26,4,2,2,2,
22,26,4,2,2,2,
20,24,6,2,2,2,
22,24,6,2,2,2,
20,26,6,2,2,2,
22,26,6,2,2,2,
24,24,4,1,1,1,sea
25,24,4,1,1,1,sea
24,25,4,1,1,1,sea
25,25,4,1,1,1,sea
24,24,5,1,1,1,sea
25,24,5,1,1,1,sea
24,25,5,1,1,1,WA
25,25,5,1,1,1,SA
26,24,4,1,1,1,sea
27,24,4,1,1,1,sea
26,25,4,1,1,1,sea
27,25,4,1,1,1,sea
26,24,5,1,1,1,sea
27,24,5,1,1,1,sea
26,25,5,1,1,1,SA
27,25,5,1,1,1,SA
24,26,4,1,1,1,WA
25,26,4,1,1,1,SA
24,27,4,1,1,1,WA
25,27,4,1,1,1,SA
24,26,5,1,1,1,WA
25,26,5,1,1,1,SA
24,27,5,1,1,1,WA
25,27,5,1,1,1,SA
26,26,4,2,2,2,
24,24,6,1,1,1,WA
25,24,6,1,1,1,SA
24,25,6,1,1,1,WA
25,25,6,1,1,1,SA
24,24,7,1,1,1,WA
25,24,7,1,1,1,SA
24,25,7,1,1,1,WA
25,25,7,1,1,1,SA
26,24,6,2,2,2,
24,26,6,1,1,1,WA
25,26,6,1,1,1,SA
24,27,6,1,1,1,WA
25,27,6,1,1,1,SA
24,26,7,1,1,1,WA
25,26,7,1,1,1,SA
24,27,7,1,1,1,WA
25,27,7,1,1,1,SA
26,26,6,2,2,2,
28,24,4,1,1,1,sea
29,24,4,1,1,1,sea
28,25,4,1,1,1,sea
29,25,4,1,1,1,sea
28,24,5,1,1,1,sea
29,24,5,1,1,1,sea
28,25,5,1,1,1,SA
29,25,5,1,1,1,SA
30,24,4,1,1,1,sea
31,24,4,1,1,1,sea
30,25,4,1,1,1,sea
31,25,4,1,1,1,sea
30,24,5,1,1,1,sea
31,24,5,1,1,1,sea
30,25,5,1,1,1,SA
31,25,5,1,1,1,SA
28,26,4,2,2,2,
30,26,4,2,2,2,
28,24,6,2,2,2,
30,24,6,2,2,2,
28,26,6,2,2,2,
30,26,6,2,2,2,
32,24,4,1,1,1,sea
33,24,4,1,1,1,sea
32,25,4,1,1,1,sea
33,25,4,1,1,1,SA
32,24,5,1,1,1,sea
33,24,5,1,1,1,SA
32,25,5,1,1,1,SA
33,25,5,1,1,1,SA
34,24,4,2,2,2,
32,26,4,2,2,2,
34,26,4,2,2,2,
32,24,6,2,2,2,
34,24,6,2,2,2,
32,26,6,2,2,2,
34,26,6,2,2,2,
36,24,4,2,2,2,
38,24,4,1,1,1,SA
39,24,4,1,1,1,sea
38,25,4,1,1,1,SA
39,25,4,1,1,1,SA
38,24,5,1,1,1,SA
39,24,5,1,1,1,SA
38,25,5,1,1,1,SA
39,25,5,1,1,1,SA
36,26,4,2,2,2,
38,26,4,2,2,2,
36,24,6,2,2,2,
38,24,6,2,2,2,
36,26,6,2,2,2,
38,26,6,2,2,2,
40,24,4,4,4,4,
44,24,4,4,4,4,
48,24,4,4,4,4,
52,24,4,4,4,4,
56,24,4,4,4,4,
60,24,4,1,1,1,sea
61,24,4,1,1,1,sea
60,25,4,1,1,1,sea
61,25,4,1,1,1,sea
60,24,5,1,1,1,NSW
61,24,5,1,1,1,sea
60,25,5,1,1,1,NSW
61,25,5,1,1,1,sea
62,24,4,2,2,2,
60,26,4,1,1,1,sea
61,26,4,1,1,1,sea
60,27,4,1,1,1,sea
61,27,4,1,1,1,sea
60,26,5,1,1,1,NSW
61,26,5,1,1,1,sea
60,27,5,1,1,1,NSW
61,27,5,1,1,1,sea
62,26,4,2,2,2,
60,24,6,2,2,2,
62,24,6,1,1,1,sea
63,24,6,1,1,1,sea
62,25,6,1,1,1,sea
63,25,6,1,1,1,sea
62,24,7,1,1,1,NSW
63,24,7,1,1,1,sea
62,25,7,1,1,1,NSW
63,25,7,1,1,1,sea
60,26,6,2,2,2,
62,26,6,1,1,1,sea
63,26,6,1,1,1,sea
62,27,6,1,1,1,sea
63,27,6,1,1,1,sea
62,26,7,1,1,1,NSW
63,26,7,1,1,1,sea
62,27,7,1,1,1,NSW
63,27,7,1,1,1,sea
0,28,4,2,2,2,
2,28,4,2,2,2,
0,30,4,2,2,2,
2,30,4,2,2,2,
0,28,6,1,1,1,sea
1,28,6,1,1,1,sea
0,29,6,1,1,1,sea
1,29,6,1,1,1,sea
0,28,7,1,1,1,sea
1,28,7,1,1,1,sea
0,29,7,1,1,1,sea
1,29,7,1,1,1,WA
2,28,6,1,1,1,sea
3,28,6,1,1,1,WA
2,29,6,1,1,1,sea
3,29,6,1,1,1,sea
2,28,7,1,1,1,WA
3,28,7,1,1,1,WA
2,29,7,1,1,1,sea
3,29,7,1,1,1,WA
0,30,6,2,2,2,
2,30,6,1,1,1,sea
3,30,6,1,1,1,sea
2,31,6,1,1,1,sea
3,31,6,1,1,1,WA
2,30,7,1,1,1,sea
3,30,7,1,1,1,WA
2,31,7,1,1,1,WA
3,31,7,1,1,1,WA
4,28,4,1,1,1,sea
5,28,4,1,1,1,WA
4,29,4,1,1,1,sea
5,29,4,1,1,1,sea
4,28,5,1,1,1,WA
5,28,5,1,1,1,WA
4,29,5,1,1,1,sea
5,29,5,1,1,1,WA
6,28,4,2,2,2,
4,30,4,1,1,1,sea
5,30,4,1,1,1,sea
4,31,4,1,1,1,sea
5,31,4,1,1,1,WA
4,30,5,1,1,1,sea
5,30,5,1,1,1,WA
4,31,5,1,1,1,WA
5,31,5,1,1,1,WA
6,30,4,2,2,2,
4,28,6,2,2,2,
6,28,6,2,2,2,
4,30,6,2,2,2,
6,30,6,2,2,2,
8,28,4,4,4,4,
12,28,4,4,4,4,
16,28,4,4,4,4,
20,28,4,4,4,4,
24,28,4,1,1,1,WA
25,28,4,1,1,1,SA
24,29,4,1,1,1,WA
25,29,4,1,1,1,SA
24,28,5,1,1,1,WA
25,28,5,1,1,1,SA
24,29,5,1,1,1,WA
25,29,5,1,1,1,SA
26,28,4,2,2,2,
24,30,4,1,1,1,WA
25,30,4,1,1,1,SA
24,31,4,1,1,1,WA
25,31,4,1,1,1,SA
24,30,5,1,1,1,WA
25,30,5,1,1,1,SA
24,31,5,1,1,1,WA
25,31,5,1,1,1,SA
26,30,4,2,2,2,
24,28,6,1,1,1,WA
25,28,6,1,1,1,SA
24,29,6,1,1,1,WA
25,29,6,1,1,1,SA
24,28,7,1,1,1,WA
25,28,7,1,1,1,SA
24,29,7,1,1,1,WA
25,29,7,1,1,1,SA
26,28,6,2,2,2,
24,30,6,1,1,1,WA
25,30,6,1,1,1,SA
24,31,6,1,1,1,WA
25,31,6,1,1,1,SA
24,30,7,1,1,1,WA
25,30,7,1,1,1,SA
24,31,7,1,1,1,WA
25,31,7,1,1,1,SA
26,30,6,2,2,2,
28,28,4,4,4,4,
32,28,4,4,4,4,
36,28,4,4,4,4,
40,28,4,4,4,4,
44,28,4,4,4,4,
48,28,4,4,4,4,
52,28,4,4,4,4,
56,28,4,4,4,4,
60,28,4,1,1,1,sea
61,28,4,1,1,1,sea
60,29,4,1,1,1,sea
61,29,4,1,1,1,sea
60,28,5,1,1,1,QLD
61,28,5,1,1,1,sea
60,29,5,1,1,1,QLD
61,29,5,1,1,1,sea
62,28,4,2,2,2,
60,30,4,1,1,1,sea
61,30,4,1,1,1,sea
60,31,4,1,1,1,sea
61,31,4,1,1,1,sea
60,30,5,1,1,1,QLD
61,30,5,1,1,1,sea
60,31,5,1,1,1,QLD
61,31,5,1,1,1,sea
62,30,4,2,2,2,
60,28,6,2,2,2,
62,28,6,1,1,1,sea
63,28,6,1,1,1,sea
62,29,6,1,1,1,sea
63,29,6,1,1,1,sea
62,28,7,1,1,1,QLD
63,28,7,1,1,1,sea
62,29,7,1,1,1,QLD
63,29,7,1,1,1,sea
60,30,6,2,2,2,
62,30,6,1,1,1,sea
63,30,6,1,1,1,sea
62,31,6,1,1,1,sea
63,31,6,1,1,1,sea
62,30,7,1,1,1,QLD
63,30,7,1,1,1,sea
62,31,7,1,1,1,QLD
63,31,7,1,1,1,sea
0,32,4,2,2,2,
2,32,4,1,1,1,sea
3,32,4,1,1,1,sea
2,33,4,1,1,1,sea
3,33,4,1,1,1,sea
2,32,5,1,1,1,sea
3,32,5,1,1,1,sea
2,33,5,1,1,1,sea
3,33,5,1,1,1,WA
0,34,4,2,2,2,
2,34,4,1,1,1,sea
3,34,4,1,1,1,sea
2,35,4,1,1,1,sea
3,35,4,1,1,1,sea
2,34,5,1,1,1,sea
3,34,5,1,1,1,WA
2,35,5,1,1,1,sea
3,35,5,1,1,1,WA
0,32,6,1,1,1,sea
1,32,6,1,1,1,sea
0,33,6,1,1,1,sea
1,33,6,1,1,1,sea
0,32,7,1,1,1,sea
1,32,7,1,1,1,sea
0,33,7,1,1,1,sea
1,33,7,1,1,1,WA
2,32,6,1,1,1,sea
3,32,6,1,1,1,WA
2,33,6,1,1,1,WA
3,33,6,1,1,1,WA
2,32,7,1,1,1,WA
3,32,7,1,1,1,WA
2,33,7,1,1,1,WA
3,33,7,1,1,1,WA
0,34,6,1,1,1,sea
1,34,6,1,1,1,sea
0,35,6,1,1,1,sea
1,35,6,1,1,1,sea
0,34,7,1,1,1,sea
1,34,7,1,1,1,WA
0,35,7,1,1,1,sea
1,35,7,1,1,1,WA
2,34,6,2,2,2,
4,32,4,1,1,1,sea
5,32,4,1,1,1,WA
4,33,4,1,1,1,WA
5,33,4,1,1,1,WA
4,32,5,1,1,1,WA
5,32,5,1,1,1,WA
4,33,5,1,1,1,WA
5,33,5,1,1,1,WA
6,32,4,2,2,2,
4,34,4,2,2,2,
6,34,4,2,2,2,
4,32,6,2,2,2,
6,32,6,2,2,2,
4,34,6,2,2,2,
6,34,6,2,2,2,
8,32,4,4,4,4,
12,32,4,4,4,4,
16,32,4,4,4,4,
20,32,4,4,4,4,
24,32,4,1,1,1,WA
25,32,4,1,1,1,SA
24,33,4,1,1,1,WA
25,33,4,1,1,1,NT
24,32,5,1,1,1,WA
25,32,5,1,1,1,SA
24,33,5,1,1,1,WA
25,33,5,1,1,1,NT
26,32,4,1,1,1,SA
27,32,4,1,1,1,SA
26,33,4,1,1,1,NT
27,33,4,1,1,1,NT
26,32,5,1,1,1,SA
27,32,5,1,1,1,SA
26,33,5,1,1,1,NT
27,33,5,1,1,1,NT
24,34,4,1,1,1,WA
25,34,4,1,1,1,NT
24,35,4,1,1,1,WA
25,35,4,1,1,1,NT
24,34,5,1,1,1,WA
25,34,5,1,1,1,NT
24,35,5,1,1,1,WA
25,35,5,1,1,1,NT
26,34,4,2,2,2,
24,32,6,1,1,1,WA
25,32,6,1,1,1,SA
24,33,6,1,1,1,WA
25,33,6,1,1,1,NT
24,32,7,1,1,1,WA
25,32,7,1,1,1,SA
24,33,7,1,1,1,WA
25,33,7,1,1,1,NT
26,32,6,1,1,1,SA
27,32,6,1,1,1,SA
26,33,6,1,1,1,NT
27,33,6,1,1,1,NT
26,32,7,1,1,1,SA
27,32,7,1,1,1,SA
26,33,7,1,1,1,NT
27,33,7,1,1,1,NT
24,34,6,1,1,1,WA
25,34,6,1,1,1,NT
24,35,6,1,1,1,WA
25,35,6,1,1,1,NT
24,34,7,1,1,1,WA
25,34,7,1,1,1,NT
24,35,7,1,1,1,WA
25,35,7,1,1,1,NT
26,34,6,2,2,2,
28,32,4,1,1,1,SA
29,32,4,1,1,1,SA
28,33,4,1,1,1,NT
29,33,4,1,1,1,NT
28,32,5,1,1,1,SA
29,32,5,1,1,1,SA
28,33,5,1,1,1,NT
29,33,5,1,1,1,NT
30,32,4,1,1,1,SA
31,32,4,1,1,1,SA
30,33,4,1,1,1,NT
31,33,4,1,1,1,NT
30,32,5,1,1,1,SA
31,32,5,1,1,1,SA
30,33,5,1,1,1,NT
31,33,5,1,1,1,NT
28,34,4,2,2,2,
30,34,4,2,2,2,
28,32,6,1,1,1,SA
29,32,6,1,1,1,SA
28,33,6,1,1,1,NT
29,33,6,1,1,1,NT
28,32,7,1,1,1,SA
29,32,7,1,1,1,SA
28,33,7,1,1,1,NT
29,33,7,1,1,1,NT
30,32,6,1,1,1,SA
31,32,6,1,1,1,SA
30,33,6,1,1,1,NT
31,33,6,1,1,1,NT
30,32,7,1,1,1,SA
31,32,7,1,1,1,SA
30,33,7,1,1,1,NT
31,33,7,1,1,1,NT
28,34,6,2,2,2,
30,34,6,2,2,2,
32,32,4,1,1,1,SA
33,32,4,1,1,1,SA
32,33,4,1,1,1,NT
33,33,4,1,1,1,NT
32,32,5,1,1,1,SA
33,32,5,1,1,1,SA
32,33,5,1,1,1,NT
33,33,5,1,1,1,NT
34,32,4,1,1,1,SA
35,32,4,1,1,1,SA
34,33,4,1,1,1,NT
35,33,4,1,1,1,NT
34,32,5,1,1,1,SA
35,32,5,1,1,1,SA
34,33,5,1,1,1,NT
35,33,5,1,1,1,NT
32,34,4,2,2,2,
34,34,4,2,2,2,
32,32,6,1,1,1,SA
33,32,6,1,1,1,SA
32,33,6,1,1,1,NT
33,33,6,1,1,1,NT
32,32,7,1,1,1,SA
33,32,7,1,1,1,SA
32,33,7,1,1,1,NT
33,33,7,1,1,1,NT
34,32,6,1,1,1,SA
35,32,6,1,1,1,SA
34,33,6,1,1,1,NT
35,33,6,1,1,1,NT
34,32,7,1,1,1,SA
35,32,7,1,1,1,SA
34,33,7,1,1,1,NT
35,33,7,1,1,1,NT
32,34,6,2,2,2,
34,34,6,2,2,2,
36,32,4,1,1,1,SA
37,32,4,1,1,1,SA
36,33,4,1,1,1,NT
37,33,4,1,1,1,NT
36,32,5,1,1,1,SA
37,32,5,1,1,1,SA
36,33,5,1,1,1,NT
37,33,5,1,1,1,NT
38,32,4,1,1,1,SA
39,32,4,1,1,1,SA
38,33,4,1,1,1,NT
39,33,4,1,1,1,NT
38,32,5,1,1,1,SA
39,32,5,1,1,1,SA
38,33,5,1,1,1,NT
39,33,5,1,1,1,NT
36,34,4,2,2,2,
38,34,4,2,2,2,
36,32,6,1,1,1,SA
37,32,6,1,1,1,SA
36,33,6,1,1,1,NT
37,33,6,1,1,1,NT
36,32,7,1,1,1,SA
37,32,7,1,1,1,SA
36,33,7,1,1,1,NT
37,33,7,1,1,1,NT
38,32,6,1,1,1,SA
39,32,6,1,1,1,SA
38,33,6,1,1,1,NT
39,33,6,1,1,1,NT
38,32,7,1,1,1,SA
39,32,7,1,1,1,SA
38,33,7,1,1,1,NT
39,33,7,1,1,1,NT
36,34,6,2,2,2,
38,34,6,2,2,2,
40,32,4,1,1,1,SA
41,32,4,1,1,1,SA
40,33,4,1,1,1,QLD
41,33,4,1,1,1,QLD
40,32,5,1,1,1,SA
41,32,5,1,1,1,SA
40,33,5,1,1,1,QLD
41,33,5,1,1,1,QLD
42,32,4,1,1,1,SA
43,32,4,1,1,1,SA
42,33,4,1,1,1,QLD
43,33,4,1,1,1,QLD
42,32,5,1,1,1,SA
43,32,5,1,1,1,SA
42,33,5,1,1,1,QLD
43,33,5,1,1,1,QLD
40,34,4,2,2,2,
42,34,4,2,2,2,
40,32,6,1,1,1,SA
41,32,6,1,1,1,SA
40,33,6,1,1,1,QLD
41,33,6,1,1,1,QLD
40,32,7,1,1,1,SA
41,32,7,1,1,1,SA
40,33,7,1,1,1,QLD
41,33,7,1,1,1,QLD
42,32,6,1,1,1,SA
43,32,6,1,1,1,SA
42,33,6,1,1,1,QLD
43,33,6,1,1,1,QLD
42,32,7,1,1,1,SA
43,32,7,1,1,1,SA
42,33,7,1,1,1,QLD
43,33,7,1,1,1,QLD
40,34,6,2,2,2,
42,34,6,2,2,2,
44,32,4,4,4,4,
48,32,4,4,4,4,
52,32,4,4,4,4,
56,32,4,2,2,2,
58,32,4,1,1,1,QLD
59,32,4,1,1,1,QLD
58,33,4,1,1,1,QLD
59,33,4,1,1,1,sea
58,32,5,1,1,1,QLD
59,32,5,1,1,1,QLD
58,33,5,1,1,1,QLD
59,33,5,1,1,1,QLD
56,34,4,2,2,2,
58,34,4,1,1,1,QLD
59,34,4,1,1,1,sea
58,35,4,1,1,1,sea
59,35,4,1,1,1,sea
58,34,5,1,1,1,QLD
59,34,5,1,1,1,QLD
58,35,5,1,1,1,QLD
59,35,5,1,1,1,sea
56,32,6,2,2,2,
58,32,6,2,2,2,
56,34,6,2,2,2,
58,34,6,2,2,2,
60,32,4,1,1,1,sea
61,32,4,1,1,1,sea
60,33,4,1,1,1,sea
61,33,4,1,1,1,sea
60,32,5,1,1,1,QLD
61,32,5,1,1,1,sea
60,33,5,1,1,1,sea
61,33,5,1,1,1,sea
62,32,4,2,2,2,
60,34,4,2,2,2,
62,34,4,2,2,2,
60,32,6,1,1,1,QLD
61,32,6,1,1,1,QLD
60,33,6,1,1,1,QLD
61,33,6,1,1,1,sea
60,32,7,1,1,1,QLD
61,32,7,1,1,1,QLD
60,33,7,1,1,1,QLD
61,33,7,1,1,1,QLD
62,32,6,1,1,1,sea
63,32,6,1,1,1,sea
62,33,6,1,1,1,sea
63,33,6,1,1,1,sea
62,32,7,1,1,1,QLD
63,32,7,1,1,1,sea
62,33,7,1,1,1,sea
63,33,7,1,1,1,sea
60,34,6,1,1,1,QLD
61,34,6,1,1,1,sea
60,35,6,1,1,1,sea
61,35,6,1,1,1,sea
60,34,7,1,1,1,QLD
61,34,7,1,1,1,QLD
60,35,7,1,1,1,QLD
61,35,7,1,1,1,sea
62,34,6,2,2,2,
0,36,4,2,2,2,
2,36,4,2,2,2,
0,38,4,2,2,2,
2,38,4,2,2,2,
0,36,6,1,1,1,sea
1,36,6,1,1,1,sea
0,37,6,1,1,1,sea
1,37,6,1,1,1,sea
0,36,7,1,1,1,sea
1,36,7,1,1,1,WA
0,37,7,1,1,1,sea
1,37,7,1,1,1,sea
2,36,6,1,1,1,sea
3,36,6,1,1,1,WA
2,37,6,1,1,1,sea
3,37,6,1,1,1,sea
2,36,7,1,1,1,WA
3,36,7,1,1,1,WA
2,37,7,1,1,1,sea
3,37,7,1,1,1,WA
0,38,6,2,2,2,
2,38,6,2,2,2,
4,36,4,1,1,1,sea
5,36,4,1,1,1,WA
4,37,4,1,1,1,sea
5,37,4,1,1,1,sea
4,36,5,1,1,1,WA
5,36,5,1,1,1,WA
4,37,5,1,1,1,sea
5,37,5,1,1,1,WA
6,36,4,1,1,1,WA
7,36,4,1,1,1,WA
6,37,4,1,1,1,sea
7,37,4,1,1,1,WA
6,36,5,1,1,1,WA
7,36,5,1,1,1,WA
6,37,5,1,1,1,WA
7,37,5,1,1,1,WA
4,38,4,2,2,2,
6,38,4,1,1,1,sea
7,38,4,1,1,1,sea
6,39,4,1,1,1,sea
7,39,4,1,1,1,sea
6,38,5,1,1,1,sea
7,38,5,1,1,1,WA
6,39,5,1,1,1,sea
7,39,5,1,1,1,sea
4,36,6,2,2,2,
6,36,6,2,2,2,
4,38,6,1,1,1,sea
5,38,6,1,1,1,WA
4,39,6,1,1,1,sea
5,39,6,1,1,1,sea
4,38,7,1,1,1,WA
5,38,7,1,1,1,WA
4,39,7,1,1,1,sea
5,39,7,1,1,1,WA
6,38,6,1,1,1,WA
7,38,6,1,1,1,WA
6,39,6,1,1,1,sea
7,39,6,1,1,1,WA
6,38,7,1,1,1,WA
7,38,7,1,1,1,WA
6,39,7,1,1,1,WA
7,39,7,1,1,1,WA
8,36,4,2,2,2,
10,36,4,2,2,2,
8,38,4,1,1,1,sea
9,38,4,1,1,1,WA
8,39,4,1,1,1,sea
9,39,4,1,1,1,sea
8,38,5,1,1,1,WA
9,38,5,1,1,1,WA
8,39,5,1,1,1,sea
9,39,5,1,1,1,WA
10,38,4,1,1,1,WA
11,38,4,1,1,1,WA
10,39,4,1,1,1,sea
11,39,4,1,1,1,WA
10,38,5,1,1,1,WA
11,38,5,1,1,1,WA
10,39,5,1,1,1,WA
11,39,5,1,1,1,WA
8,36,6,2,2,2,
10,36,6,2,2,2,
8,38,6,2,2,2,
10,38,6,2,2,2,
12,36,4,4,4,4,
16,36,4,4,4,4,
20,36,4,4,4,4,
24,36,4,1,1,1,WA
25,36,4,1,1,1,NT
24,37,4,1,1,1,WA
25,37,4,1,1,1,NT
24,36,5,1,1,1,WA
25,36,5,1,1,1,NT
24,37,5,1,1,1,WA
25,37,5,1,1,1,NT
26,36,4,2,2,2,
24,38,4,1,1,1,WA
25,38,4,1,1,1,NT
24,39,4,1,1,1,WA
25,39,4,1,1,1,NT
24,38,5,1,1,1,WA
25,38,5,1,1,1,NT
24,39,5,1,1,1,WA
25,39,5,1,1,1,NT
26,38,4,2,2,2,
24,36,6,1,1,1,WA
25,36,6,1,1,1,NT
24,37,6,1,1,1,WA
25,37,6,1,1,1,NT
24,36,7,1,1,1,WA
25,36,7,1,1,1,NT
24,37,7,1,1,1,WA
25,37,7,1,1,1,NT
26,36,6,2,2,2,
24,38,6,1,1,1,WA
25,38,6,1,1,1,NT
24,39,6,1,1,1,WA
25,39,6,1,1,1,NT
24,38,7,1,1,1,WA
25,38,7,1,1,1,NT
24,39,7,1,1,1,WA
25,39,7,1,1,1,NT
26,38,6,2,2,2,
28,36,4,4,4,4,
32,36,4,4,4,4,
36,36,4,4,4,4,
40,36,4,4,4,4,
44,36,4,4,4,4,
48,36,4,4,4,4,
52,36,4,4,4,4,
56,36,4,1,1,1,QLD
57,36,4,1,1,1,sea
56,37,4,1,1,1,QLD
57,37,4,1,1,1,sea
56,36,5,1,1,1,QLD
57,36,5,1,1,1,QLD
56,37,5,1,1,1,QLD
57,37,5,1,1,1,QLD
58,36,4,2,2,2,
56,38,4,1,1,1,sea
57,38,4,1,1,1,sea
56,39,4,1,1,1,sea
57,39,4,1,1,1,sea
56,38,5,1,1,1,QLD
57,38,5,1,1,1,sea
56,39,5,1,1,1,QLD
57,39,5,1,1,1,sea
58,38,4,2,2,2,
56,36,6,2,2,2,
58,36,6,1,1,1,QLD
59,36,6,1,1,1,sea
58,37,6,1,1,1,QLD
59,37,6,1,1,1,sea
58,36,7,1,1,1,QLD
59,36,7,1,1,1,QLD
58,37,7,1,1,1,QLD
59,37,7,1,1,1,QLD
56,38,6,2,2,2,
58,38,6,1,1,1,sea
59,38,6,1,1,1,sea
58,39,6,1,1,1,sea
59,39,6,1,1,1,sea
58,38,7,1,1,1,QLD
59,38,7,1,1,1,sea
58,39,7,1,1,1,QLD
59,39,7,1,1,1,sea
60,36,4,4,4,4,
0,40,4,4,4,4,
4,40,4,2,2,2,
6,40,4,2,2,2,
4,42,4,2,2,2,
6,42,4,2,2,2,
4,40,6,2,2,2,
6,40,6,1,1,1,sea
7,40,6,1,1,1,sea
6,41,6,1,1,1,sea
7,41,6,1,1,1,sea
6,40,7,1,1,1,sea
7,40,7,1,1,1,WA
6,41,7,1,1,1,sea
7,41,7,1,1,1,sea
4,42,6,2,2,2,
6,42,6,2,2,2,
8,40,4,2,2,2,
10,40,4,1,1,1,sea
11,40,4,1,1,1,sea
10,41,4,1,1,1,sea
11,41,4,1,1,1,sea
10,40,5,1,1,1,sea
11,40,5,1,1,1,WA
10,41,5,1,1,1,sea
11,41,5,1,1,1,sea
8,42,4,2,2,2,
10,42,4,2,2,2,
8,40,6,1,1,1,sea
9,40,6,1,1,1,WA
8,41,6,1,1,1,sea
9,41,6,1,1,1,sea
8,40,7,1,1,1,WA
9,40,7,1,1,1,WA
8,41,7,1,1,1,sea
9,41,7,1,1,1,WA
10,40,6,1,1,1,WA
11,40,6,1,1,1,WA
10,41,6,1,1,1,sea
11,41,6,1,1,1,WA
10,40,7,1,1,1,WA
11,40,7,1,1,1,WA
10,41,7,1,1,1,WA
11,41,7,1,1,1,WA
8,42,6,2,2,2,
10,42,6,1,1,1,sea
11,42,6,1,1,1,sea
10,43,6,1,1,1,sea
11,43,6,1,1,1,sea
10,42,7,1,1,1,sea
11,42,7,1,1,1,WA
10,43,7,1,1,1,sea
11,43,7,1,1,1,sea
12,40,4,1,1,1,WA
13,40,4,1,1,1,WA
12,41,4,1,1,1,sea
13,41,4,1,1,1,WA
12,40,5,1,1,1,WA
13,40,5,1,1,1,WA
12,41,5,1,1,1,WA
13,41,5,1,1,1,WA
14,40,4,2,2,2,
12,42,4,1,1,1,sea
13,42,4,1,1,1,sea
12,43,4,1,1,1,sea
13,43,4,1,1,1,sea
12,42,5,1,1,1,sea
13,42,5,1,1,1,WA
12,43,5,1,1,1,sea
13,43,5,1,1,1,sea
14,42,4,1,1,1,WA
15,42,4,1,1,1,WA
14,43,4,1,1,1,sea
15,43,4,1,1,1,WA
14,42,5,1,1,1,WA
15,42,5,1,1,1,WA
14,43,5,1,1,1,WA
15,43,5,1,1,1,WA
12,40,6,2,2,2,
14,40,6,2,2,2,
12,42,6,1,1,1,WA
13,42,6,1,1,1,WA
12,43,6,1,1,1,sea
13,43,6,1,1,1,WA
12,42,7,1,1,1,WA
13,42,7,1,1,1,WA
12,43,7,1,1,1,WA
13,43,7,1,1,1,WA
14,42,6,2,2,2,
16,40,4,4,4,4,
20,40,4,4,4,4,
24,40,4,1,1,1,WA
25,40,4,1,1,1,NT
24,41,4,1,1,1,WA
25,41,4,1,1,1,NT
24,40,5,1,1,1,WA
25,40,5,1,1,1,NT
24,41,5,1,1,1,WA
25,41,5,1,1,1,NT
26,40,4,2,2,2,
24,42,4,1,1,1,WA
25,42,4,1,1,1,NT
24,43,4,1,1,1,WA
25,43,4,1,1,1,NT
24,42,5,1,1,1,WA
25,42,5,1,1,1,NT
24,43,5,1,1,1,WA
25,43,5,1,1,1,NT
26,42,4,2,2,2,
24,40,6,1,1,1,WA
25,40,6,1,1,1,NT
24,41,6,1,1,1,WA
25,41,6,1,1,1,NT
24,40,7,1,1,1,WA
25,40,7,1,1,1,NT
24,41,7,1,1,1,WA
25,41,7,1,1,1,NT
26,40,6,2,2,2,
24,42,6,1,1,1,WA
25,42,6,1,1,1,NT
24,43,6,1,1,1,WA
25,43,6,1,1,1,NT
24,42,7,1,1,1,WA
25,42,7,1,1,1,NT
24,43,7,1,1,1,WA
25,43,7,1,1,1,NT
26,42,6,2,2,2,
28,40,4,4,4,4,
32,40,4,4,4,4,
36,40,4,4,4,4,
40,40,4,4,4,4,
44,40,4,4,4,4,
48,40,4,4,4,4,
52,40,4,2,2,2,
54,40,4,1,1,1,QLD
55,40,4,1,1,1,sea
54,41,4,1,1,1,sea
55,41,4,1,1,1,sea
54,40,5,1,1,1,QLD
55,40,5,1,1,1,QLD
54,41,5,1,1,1,QLD
55,41,5,1,1,1,QLD
52,42,4,1,1,1,QLD
53,42,4,1,1,1,sea
52,43,4,1,1,1,sea
53,43,4,1,1,1,sea
52,42,5,1,1,1,QLD
53,42,5,1,1,1,QLD
52,43,5,1,1,1,QLD
53,43,5,1,1,1,sea
54,42,4,2,2,2,
52,40,6,2,2,2,
54,40,6,2,2,2,
52,42,6,2,2,2,
54,42,6,1,1,1,QLD
55,42,6,1,1,1,QLD
54,43,6,1,1,1,sea
55,43,6,1,1,1,sea
54,42,7,1,1,1,QLD
55,42,7,1,1,1,QLD
54,43,7,1,1,1,QLD
55,43,7,1,1,1,QLD
56,40,4,2,2,2,
58,40,4,2,2,2,
56,42,4,2,2,2,
58,42,4,2,2,2,
56,40,6,1,1,1,QLD
57,40,6,1,1,1,sea
56,41,6,1,1,1,QLD
57,41,6,1,1,1,sea
56,40,7,1,1,1,QLD
57,40,7,1,1,1,QLD
56,41,7,1,1,1,QLD
57,41,7,1,1,1,QLD
58,40,6,2,2,2,
56,42,6,1,1,1,sea
57,42,6,1,1,1,sea
56,43,6,1,1,1,sea
57,43,6,1,1,1,sea
56,42,7,1,1,1,QLD
57,42,7,1,1,1,sea
56,43,7,1,1,1,sea
57,43,7,1,1,1,sea
58,42,6,2,2,2,
60,40,4,4,4,4,
0,44,4,4,4,4,
4,44,4,4,4,4,
8,44,4,4,4,4,
12,44,4,2,2,2,
14,44,4,1,1,1,sea
15,44,4,1,1,1,sea
14,45,4,1,1,1,sea
15,45,4,1,1,1,sea
14,44,5,1,1,1,sea
15,44,5,1,1,1,WA
14,45,5,1,1,1,sea
15,45,5,1,1,1,sea
12,46,4,2,2,2,
14,46,4,2,2,2,
12,44,6,1,1,1,sea
13,44,6,1,1,1,sea
12,45,6,1,1,1,sea
13,45,6,1,1,1,sea
12,44,7,1,1,1,sea
13,44,7,1,1,1,WA
12,45,7,1,1,1,sea
13,45,7,1,1,1,sea
14,44,6,1,1,1,WA
15,44,6,1,1,1,WA
14,45,6,1,1,1,sea
15,45,6,1,1,1,WA
14,44,7,1,1,1,WA
15,44,7,1,1,1,WA
14,45,7,1,1,1,WA
15,45,7,1,1,1,WA
12,46,6,2,2,2,
14,46,6,1,1,1,sea
15,46,6,1,1,1,WA
14,47,6,1,1,1,sea
15,47,6,1,1,1,sea
14,46,7,1,1,1,WA
15,46,7,1,1,1,WA
14,47,7,1,1,1,WA
15,47,7,1,1,1,WA
16,44,4,1,1,1,WA
17,44,4,1,1,1,WA
16,45,4,1,1,1,sea
17,45,4,1,1,1,WA
16,44,5,1,1,1,WA
17,44,5,1,1,1,WA
16,45,5,1,1,1,WA
17,45,5,1,1,1,WA
18,44,4,2,2,2,
16,46,4,1,1,1,sea
17,46,4,1,1,1,sea
16,47,4,1,1,1,sea
17,47,4,1,1,1,sea
16,46,5,1,1,1,WA
17,46,5,1,1,1,WA
16,47,5,1,1,1,sea
17,47,5,1,1,1,sea
18,46,4,1,1,1,WA
19,46,4,1,1,1,WA
18,47,4,1,1,1,sea
19,47,4,1,1,1,WA
18,46,5,1,1,1,WA
19,46,5,1,1,1,WA
18,47,5,1,1,1,WA
19,47,5,1,1,1,WA
16,44,6,2,2,2,
18,44,6,2,2,2,
16,46,6,2,2,2,
18,46,6,2,2,2,
20,44,4,4,4,4,
24,44,4,1,1,1,WA
25,44,4,1,1,1,NT
24,45,4,1,1,1,WA
25,45,4,1,1,1,NT
24,44,5,1,1,1,WA
25,44,5,1,1,1,NT
24,45,5,1,1,1,WA
25,45,5,1,1,1,NT
26,44,4,2,2,2,
24,46,4,1,1,1,WA
25,46,4,1,1,1,NT
24,47,4,1,1,1,WA
25,47,4,1,1,1,NT
24,46,5,1,1,1,WA
25,46,5,1,1,1,NT
24,47,5,1,1,1,WA
25,47,5,1,1,1,NT
26,46,4,2,2,2,
24,44,6,1,1,1,WA
25,44,6,1,1,1,NT
24,45,6,1,1,1,WA
25,45,6,1,1,1,NT
24,44,7,1,1,1,WA
25,44,7,1,1,1,NT
24,45,7,1,1,1,WA
25,45,7,1,1,1,NT
26,44,6,2,2,2,
24,46,6,1,1,1,WA
25,46,6,1,1,1,NT
24,47,6,1,1,1,WA
25,47,6,1,1,1,NT
24,46,7,1,1,1,WA
25,46,7,1,1,1,NT
24,47,7,1,1,1,WA
25,47,7,1,1,1,NT
26,46,6,2,2,2,
28,44,4,4,4,4,
32,44,4,4,4,4,
36,44,4,2,2,2,
38,44,4,2,2,2,
36,46,4,2,2,2,
38,46,4,1,1,1,NT
39,46,4,1,1,1,NT
38,47,4,1,1,1,NT
39,47,4,1,1,1,sea
38,46,5,1,1,1,NT
39,46,5,1,1,1,NT
38,47,5,1,1,1,NT
39,47,5,1,1,1,NT
36,44,6,2,2,2,
38,44,6,2,2,2,
36,46,6,2,2,2,
38,46,6,2,2,2,
40,44,4,2,2,2,
42,44,4,1,1,1,QLD
43,44,4,1,1,1,sea
42,45,4,1,1,1,sea
43,45,4,1,1,1,sea
42,44,5,1,1,1,QLD
43,44,5,1,1,1,QLD
42,45,5,1,1,1,QLD
43,45,5,1,1,1,sea
40,46,4,1,1,1,sea
41,46,4,1,1,1,sea
40,47,4,1,1,1,sea
41,47,4,1,1,1,sea
40,46,5,1,1,1,QLD
41,46,5,1,1,1,QLD
40,47,5,1,1,1,sea
41,47,5,1,1,1,sea
42,46,4,2,2,2,
40,44,6,2,2,2,
42,44,6,2,2,2,
40,46,6,2,2,2,
42,46,6,1,1,1,QLD
43,46,6,1,1,1,sea
42,47,6,1,1,1,sea
43,47,6,1,1,1,sea
42,46,7,1,1,1,QLD
43,46,7,1,1,1,QLD
42,47,7,1,1,1,QLD
43,47,7,1,1,1,sea
44,44,4,1,1,1,QLD
45,44,4,1,1,1,QLD
44,45,4,1,1,1,sea
45,45,4,1,1,1,QLD
44,44,5,1,1,1,QLD
45,44,5,1,1,1,QLD
44,45,5,1,1,1,QLD
45,45,5,1,1,1,QLD
46,44,4,2,2,2,
44,46,4,1,1,1,sea
45,46,4,1,1,1,sea
44,47,4,1,1,1,sea
45,47,4,1,1,1,sea
44,46,5,1,1,1,sea
45,46,5,1,1,1,QLD
44,47,5,1,1,1,sea
45,47,5,1,1,1,sea
46,46,4,1,1,1,QLD
47,46,4,1,1,1,QLD
46,47,4,1,1,1,sea
47,47,4,1,1,1,QLD
46,46,5,1,1,1,QLD
47,46,5,1,1,1,QLD
46,47,5,1,1,1,QLD
47,47,5,1,1,1,QLD
44,44,6,2,2,2,
46,44,6,2,2,2,
44,46,6,1,1,1,QLD
45,46,6,1,1,1,QLD
44,47,6,1,1,1,sea
45,47,6,1,1,1,QLD
44,46,7,1,1,1,QLD
45,46,7,1,1,1,QLD
44,47,7,1,1,1,QLD
45,47,7,1,1,1,QLD
46,46,6,2,2,2,
48,44,4,2,2,2,
50,44,4,1,1,1,QLD
51,44,4,1,1,1,sea
50,45,4,1,1,1,QLD
51,45,4,1,1,1,sea
50,44,5,1,1,1,QLD
51,44,5,1,1,1,QLD
50,45,5,1,1,1,QLD
51,45,5,1,1,1,QLD
48,46,4,2,2,2,
50,46,4,1,1,1,sea
51,46,4,1,1,1,sea
50,47,4,1,1,1,sea
51,47,4,1,1,1,sea
50,46,5,1,1,1,QLD
51,46,5,1,1,1,sea
50,47,5,1,1,1,QLD
51,47,5,1,1,1,sea
48,44,6,2,2,2,
50,44,6,2,2,2,
48,46,6,2,2,2,
50,46,6,2,2,2,
52,44,4,2,2,2,
54,44,4,2,2,2,
52,46,4,2,2,2,
54,46,4,2,2,2,
52,44,6,1,1,1,QLD
53,44,6,1,1,1,sea
52,45,6,1,1,1,QLD
53,45,6,1,1,1,sea
52,44,7,1,1,1,QLD
53,44,7,1,1,1,QLD
52,45,7,1,1,1,QLD
53,45,7,1,1,1,QLD
54,44,6,2,2,2,
52,46,6,1,1,1,sea
53,46,6,1,1,1,sea
52,47,6,1,1,1,sea
53,47,6,1,1,1,sea
52,46,7,1,1,1,QLD
53,46,7,1,1,1,sea
52,47,7,1,1,1,QLD
53,47,7,1,1,1,sea
54,46,6,2,2,2,
56,44,4,4,4,4,
60,44,4,4,4,4,
0,48,4,4,4,4,
4,48,4,4,4,4,
8,48,4,4,4,4,
12,48,4,4,4,4,
16,48,4,2,2,2,
18,48,4,1,1,1,sea
19,48,4,1,1,1,sea
18,49,4,1,1,1,sea
19,49,4,1,1,1,sea
18,48,5,1,1,1,sea
19,48,5,1,1,1,WA
18,49,5,1,1,1,sea
19,49,5,1,1,1,sea
16,50,4,2,2,2,
18,50,4,2,2,2,
16,48,6,1,1,1,sea
17,48,6,1,1,1,sea
16,49,6,1,1,1,sea
17,49,6,1,1,1,sea
16,48,7,1,1,1,WA
17,48,7,1,1,1,WA
16,49,7,1,1,1,sea
17,49,7,1,1,1,sea
18,48,6,1,1,1,WA
19,48,6,1,1,1,WA
18,49,6,1,1,1,sea
19,49,6,1,1,1,WA
18,48,7,1,1,1,WA
19,48,7,1,1,1,WA
18,49,7,1,1,1,WA
19,49,7,1,1,1,WA
16,50,6,2,2,2,
18,50,6,1,1,1,sea
19,50,6,1,1,1,WA
18,51,6,1,1,1,sea
19,51,6,1,1,1,sea
18,50,7,1,1,1,WA
19,50,7,1,1,1,WA
18,51,7,1,1,1,sea
19,51,7,1,1,1,WA
20,48,4,1,1,1,WA
21,48,4,1,1,1,WA
20,49,4,1,1,1,sea
21,49,4,1,1,1,WA
20,48,5,1,1,1,WA
21,48,5,1,1,1,WA
20,49,5,1,1,1,WA
21,49,5,1,1,1,WA
22,48,4,1,1,1,WA
23,48,4,1,1,1,WA
22,49,4,1,1,1,WA
23,49,4,1,1,1,sea
22,48,5,1,1,1,WA
23,48,5,1,1,1,WA
22,49,5,1,1,1,WA
23,49,5,1,1,1,WA
20,50,4,1,1,1,sea
21,50,4,1,1,1,WA
20,51,4,1,1,1,sea
21,51,4,1,1,1,sea
20,50,5,1,1,1,WA
21,50,5,1,1,1,WA
20,51,5,1,1,1,sea
21,51,5,1,1,1,WA
22,50,4,1,1,1,sea
23,50,4,1,1,1,sea
22,51,4,1,1,1,sea
23,51,4,1,1,1,sea
22,50,5,1,1,1,WA
23,50,5,1,1,1,sea
22,51,5,1,1,1,sea
23,51,5,1,1,1,sea
20,48,6,2,2,2,
22,48,6,2,2,2,
20,50,6,2,2,2,
22,50,6,1,1,1,WA
23,50,6,1,1,1,WA
22,51,6,1,1,1,WA
23,51,6,1,1,1,sea
22,50,7,1,1,1,WA
23,50,7,1,1,1,WA
22,51,7,1,1,1,WA
23,51,7,1,1,1,WA
24,48,4,1,1,1,WA
25,48,4,1,1,1,NT
24,49,4,1,1,1,sea
25,49,4,1,1,1,sea
24,48,5,1,1,1,WA
25,48,5,1,1,1,NT
24,49,5,1,1,1,WA
25,49,5,1,1,1,NT
26,48,4,2,2,2,
24,50,4,2,2,2,
26,50,4,1,1,1,sea
27,50,4,1,1,1,NT
26,51,4,1,1,1,sea
27,51,4,1,1,1,sea
26,50,5,1,1,1,NT
27,50,5,1,1,1,NT
26,51,5,1,1,1,sea
27,51,5,1,1,1,NT
24,48,6,1,1,1,WA
25,48,6,1,1,1,NT
24,49,6,1,1,1,WA
25,49,6,1,1,1,NT
24,48,7,1,1,1,WA
25,48,7,1,1,1,NT
24,49,7,1,1,1,WA
25,49,7,1,1,1,NT
26,48,6,2,2,2,
24,50,6,1,1,1,WA
25,50,6,1,1,1,NT
24,51,6,1,1,1,sea
25,51,6,1,1,1,sea
24,50,7,1,1,1,WA
25,50,7,1,1,1,NT
24,51,7,1,1,1,WA
25,51,7,1,1,1,NT
26,50,6,2,2,2,
28,48,4,4,4,4,
32,48,4,2,2,2,
34,48,4,2,2,2,
32,50,4,2,2,2,
34,50,4,1,1,1,NT
35,50,4,1,1,1,sea
34,51,4,1,1,1,sea
35,51,4,1,1,1,sea
34,50,5,1,1,1,NT
35,50,5,1,1,1,NT
34,51,5,1,1,1,NT
35,51,5,1,1,1,sea
32,48,6,2,2,2,
34,48,6,2,2,2,
32,50,6,2,2,2,
34,50,6,2,2,2,
36,48,4,1,1,1,NT
37,48,4,1,1,1,sea
36,49,4,1,1,1,sea
37,49,4,1,1,1,sea
36,48,5,1,1,1,NT
37,48,5,1,1,1,NT
36,49,5,1,1,1,NT
37,49,5,1,1,1,sea
38,48,4,1,1,1,sea
39,48,4,1,1,1,sea
38,49,4,1,1,1,sea
39,49,4,1,1,1,sea
38,48,5,1,1,1,NT
39,48,5,1,1,1,sea
38,49,5,1,1,1,sea
39,49,5,1,1,1,sea
36,50,4,2,2,2,
38,50,4,2,2,2,
36,48,6,2,2,2,
38,48,6,1,1,1,NT
39,48,6,1,1,1,NT
38,49,6,1,1,1,NT
39,49,6,1,1,1,sea
38,48,7,1,1,1,NT
39,48,7,1,1,1,NT
38,49,7,1,1,1,NT
39,49,7,1,1,1,NT
36,50,6,1,1,1,NT
37,50,6,1,1,1,sea
36,51,6,1,1,1,sea
37,51,6,1,1,1,sea
36,50,7,1,1,1,NT
37,50,7,1,1,1,NT
36,51,7,1,1,1,NT
37,51,7,1,1,1,sea
38,50,6,1,1,1,sea
39,50,6,1,1,1,sea
38,51,6,1,1,1,sea
39,51,6,1,1,1,sea
38,50,7,1,1,1,NT
39,50,7,1,1,1,sea
38,51,7,1,1,1,sea
39,51,7,1,1,1,sea
40,48,4,2,2,2,
42,48,4,2,2,2,
40,50,4,2,2,2,
42,50,4,2,2,2,
40,48,6,1,1,1,sea
41,48,6,1,1,1,sea
40,49,6,1,1,1,sea
41,49,6,1,1,1,sea
40,48,7,1,1,1,QLD
41,48,7,1,1,1,QLD
40,49,7,1,1,1,sea
41,49,7,1,1,1,sea
42,48,6,2,2,2,
40,50,6,2,2,2,
42,50,6,2,2,2,
44,48,4,2,2,2,
46,48,4,1,1,1,sea
47,48,4,1,1,1,sea
46,49,4,1,1,1,sea
47,49,4,1,1,1,sea
46,48,5,1,1,1,sea
47,48,5,1,1,1,QLD
46,49,5,1,1,1,sea
47,49,5,1,1,1,sea
44,50,4,2,2,2,
46,50,4,2,2,2,
44,48,6,1,1,1,sea
45,48,6,1,1,1,sea
44,49,6,1,1,1,sea
45,49,6,1,1,1,sea
44,48,7,1,1,1,sea
45,48,7,1,1,1,QLD
44,49,7,1,1,1,sea
45,49,7,1,1,1,sea
46,48,6,1,1,1,QLD
47,48,6,1,1,1,QLD
46,49,6,1,1,1,sea
47,49,6,1,1,1,QLD
46,48,7,1,1,1,QLD
47,48,7,1,1,1,QLD
46,49,7,1,1,1,QLD
47,49,7,1,1,1,QLD
44,50,6,2,2,2,
46,50,6,1,1,1,sea
47,50,6,1,1,1,QLD
46,51,6,1,1,1,sea
47,51,6,1,1,1,QLD
46,50,7,1,1,1,QLD
47,50,7,1,1,1,QLD
46,51,7,1,1,1,QLD
47,51,7,1,1,1,QLD
48,48,4,1,1,1,QLD
49,48,4,1,1,1,QLD
48,49,4,1,1,1,sea
49,49,4,1,1,1,sea
48,48,5,1,1,1,QLD
49,48,5,1,1,1,QLD
48,49,5,1,1,1,QLD
49,49,5,1,1,1,QLD
50,48,4,1,1,1,sea
51,48,4,1,1,1,sea
50,49,4,1,1,1,sea
51,49,4,1,1,1,sea
50,48,5,1,1,1,QLD
51,48,5,1,1,1,sea
50,49,5,1,1,1,sea
51,49,5,1,1,1,sea
48,50,4,1,1,1,sea
49,50,4,1,1,1,sea
48,51,4,1,1,1,sea
49,51,4,1,1,1,sea
48,50,5,1,1,1,QLD
49,50,5,1,1,1,QLD
48,51,5,1,1,1,QLD
49,51,5,1,1,1,QLD
50,50,4,2,2,2,
48,48,6,2,2,2,
50,48,6,1,1,1,QLD
51,48,6,1,1,1,QLD
50,49,6,1,1,1,QLD
51,49,6,1,1,1,sea
50,48,7,1,1,1,QLD
51,48,7,1,1,1,QLD
50,49,7,1,1,1,QLD
51,49,7,1,1,1,QLD
48,50,6,2,2,2,
50,50,6,1,1,1,QLD
51,50,6,1,1,1,sea
50,51,6,1,1,1,QLD
51,51,6,1,1,1,sea
50,50,7,1,1,1,QLD
51,50,7,1,1,1,QLD
50,51,7,1,1,1,QLD
51,51,7,1,1,1,QLD
52,48,4,2,2,2,
54,48,4,2,2,2,
52,50,4,2,2,2,
54,50,4,2,2,2,
52,48,6,1,1,1,sea
53,48,6,1,1,1,sea
52,49,6,1,1,1,sea
53,49,6,1,1,1,sea
52,48,7,1,1,1,QLD
53,48,7,1,1,1,sea
52,49,7,1,1,1,sea
53,49,7,1,1,1,sea
54,48,6,2,2,2,
52,50,6,2,2,2,
54,50,6,2,2,2,
56,48,4,4,4,4,
60,48,4,4,4,4,
0,52,4,4,4,4,
4,52,4,4,4,4,
8,52,4,4,4,4,
12,52,4,4,4,4,
16,52,4,2,2,2,
18,52,4,2,2,2,
16,54,4,2,2,2,
18,54,4,2,2,2,
16,52,6,2,2,2,
18,52,6,1,1,1,sea
19,52,6,1,1,1,sea
18,53,6,1,1,1,sea
19,53,6,1,1,1,sea
18,52,7,1,1,1,sea
19,52,7,1,1,1,WA
18,53,7,1,1,1,sea
19,53,7,1,1,1,sea
16,54,6,2,2,2,
18,54,6,2,2,2,
20,52,4,2,2,2,
22,52,4,2,2,2,
20,54,4,2,2,2,
22,54,4,2,2,2,
20,52,6,1,1,1,WA
21,52,6,1,1,1,WA
20,53,6,1,1,1,sea
21,53,6,1,1,1,sea
20,52,7,1,1,1,WA
21,52,7,1,1,1,WA
20,53,7,1,1,1,WA
21,53,7,1,1,1,WA
22,52,6,1,1,1,sea
23,52,6,1,1,1,sea
22,53,6,1,1,1,sea
23,53,6,1,1,1,sea
22,52,7,1,1,1,WA
23,52,7,1,1,1,sea
22,53,7,1,1,1,sea
23,53,7,1,1,1,sea
20,54,6,2,2,2,
22,54,6,2,2,2,
24,52,4,2,2,2,
26,52,4,2,2,2,
24,54,4,2,2,2,
26,54,4,2,2,2,
24,52,6,2,2,2,
26,52,6,1,1,1,sea
27,52,6,1,1,1,NT
26,53,6,1,1,1,sea
27,53,6,1,1,1,NT
26,52,7,1,1,1,NT
27,52,7,1,1,1,NT
26,53,7,1,1,1,NT
27,53,7,1,1,1,NT
24,54,6,2,2,2,
26,54,6,1,1,1,sea
27,54,6,1,1,1,NT
26,55,6,1,1,1,sea
27,55,6,1,1,1,sea
26,54,7,1,1,1,NT
27,54,7,1,1,1,NT
26,55,7,1,1,1,sea
27,55,7,1,1,1,NT
28,52,4,1,1,1,sea
29,52,4,1,1,1,NT
28,53,4,1,1,1,sea
29,53,4,1,1,1,NT
28,52,5,1,1,1,NT
29,52,5,1,1,1,NT
28,53,5,1,1,1,NT
29,53,5,1,1,1,NT
30,52,4,2,2,2,
28,54,4,1,1,1,sea
29,54,4,1,1,1,sea
28,55,4,1,1,1,sea
29,55,4,1,1,1,sea
28,54,5,1,1,1,NT
29,54,5,1,1,1,NT
28,55,5,1,1,1,sea
29,55,5,1,1,1,sea
30,54,4,1,1,1,sea
31,54,4,1,1,1,NT
30,55,4,1,1,1,sea
31,55,4,1,1,1,sea
30,54,5,1,1,1,NT
31,54,5,1,1,1,NT
30,55,5,1,1,1,sea
31,55,5,1,1,1,NT
28,52,6,2,2,2,
30,52,6,2,2,2,
28,54,6,2,2,2,
30,54,6,2,2,2,
32,52,4,1,1,1,NT
33,52,4,1,1,1,sea
32,53,4,1,1,1,NT
33,53,4,1,1,1,sea
32,52,5,1,1,1,NT
33,52,5,1,1,1,NT
32,53,5,1,1,1,NT
33,53,5,1,1,1,NT
34,52,4,2,2,2,
32,54,4,1,1,1,sea
33,54,4,1,1,1,NT
32,55,4,1,1,1,sea
33,55,4,1,1,1,sea
32,54,5,1,1,1,NT
33,54,5,1,1,1,NT
32,55,5,1,1,1,sea
33,55,5,1,1,1,NT
34,54,4,1,1,1,sea
35,54,4,1,1,1,sea
34,55,4,1,1,1,sea
35,55,4,1,1,1,sea
34,54,5,1,1,1,NT
35,54,5,1,1,1,sea
34,55,5,1,1,1,sea
35,55,5,1,1,1,sea
32,52,6,2,2,2,
34,52,6,1,1,1,NT
35,52,6,1,1,1,sea
34,53,6,1,1,1,NT
35,53,6,1,1,1,sea
34,52,7,1,1,1,NT
35,52,7,1,1,1,NT
34,53,7,1,1,1,NT
35,53,7,1,1,1,NT
32,54,6,2,2,2,
34,54,6,2,2,2,
36,52,4,2,2,2,
38,52,4,2,2,2,
36,54,4,2,2,2,
38,54,4,2,2,2,
36,52,6,2,2,2,
38,52,6,2,2,2,
36,54,6,1,1,1,sea
37,54,6,1,1,1,sea
36,55,6,1,1,1,NT
37,55,6,1,1,1,sea
36,54,7,1,1,1,NT
37,54,7,1,1,1,sea
36,55,7,1,1,1,NT
37,55,7,1,1,1,NT
38,54,6,2,2,2,
40,52,4,4,4,4,
44,52,4,2,2,2,
46,52,4,2,2,2,
44,54,4,2,2,2,
46,54,4,2,2,2,
44,52,6,2,2,2,
46,52,6,1,1,1,sea
47,52,6,1,1,1,QLD
46,53,6,1,1,1,sea
47,53,6,1,1,1,QLD
46,52,7,1,1,1,QLD
47,52,7,1,1,1,QLD
46,53,7,1,1,1,QLD
47,53,7,1,1,1,QLD
44,54,6,2,2,2,
46,54,6,1,1,1,sea
47,54,6,1,1,1,QLD
46,55,6,1,1,1,sea
47,55,6,1,1,1,QLD
46,54,7,1,1,1,QLD
47,54,7,1,1,1,QLD
46,55,7,1,1,1,QLD
47,55,7,1,1,1,QLD
48,52,4,1,1,1,sea
49,52,4,1,1,1,sea
48,53,4,1,1,1,sea
49,53,4,1,1,1,sea
48,52,5,1,1,1,QLD
49,52,5,1,1,1,sea
48,53,5,1,1,1,sea
49,53,5,1,1,1,sea
50,52,4,2,2,2,
48,54,4,2,2,2,
50,54,4,2,2,2,
48,52,6,1,1,1,QLD
49,52,6,1,1,1,QLD
48,53,6,1,1,1,QLD
49,53,6,1,1,1,sea
48,52,7,1,1,1,QLD
49,52,7,1,1,1,QLD
48,53,7,1,1,1,QLD
49,53,7,1,1,1,QLD
50,52,6,1,1,1,sea
51,52,6,1,1,1,sea
50,53,6,1,1,1,sea
51,53,6,1,1,1,sea
50,52,7,1,1,1,QLD
51,52,7,1,1,1,QLD
50,53,7,1,1,1,sea
51,53,7,1,1,1,sea
48,54,6,1,1,1,QLD
49,54,6,1,1,1,sea
48,55,6,1,1,1,sea
49,55,6,1,1,1,sea
48,54,7,1,1,1,QLD
49,54,7,1,1,1,QLD
48,55,7,1,1,1,QLD
49,55,7,1,1,1,sea
50,54,6,2,2,2,
52,52,4,4,4,4,
56,52,4,4,4,4,
60,52,4,4,4,4,
0,56,4,4,4,4,
4,56,4,4,4,4,
8,56,4,4,4,4,
12,56,4,4,4,4,
16,56,4,4,4,4,
20,56,4,4,4,4,
24,56,4,4,4,4,
28,56,4,2,2,2,
30,56,4,2,2,2,
28,58,4,2,2,2,
30,58,4,2,2,2,
28,56,6,1,1,1,sea
29,56,6,1,1,1,sea
28,57,6,1,1,1,sea
29,57,6,1,1,1,sea
28,56,7,1,1,1,NT
29,56,7,1,1,1,NT
28,57,7,1,1,1,sea
29,57,7,1,1,1,sea
30,56,6,1,1,1,sea
31,56,6,1,1,1,NT
30,57,6,1,1,1,sea
31,57,6,1,1,1,sea
30,56,7,1,1,1,NT
31,56,7,1,1,1,NT
30,57,7,1,1,1,sea
31,57,7,1,1,1,NT
28,58,6,1,1,1,sea
29,58,6,1,1,1,sea
28,59,6,1,1,1,sea
29,59,6,1,1,1,sea
28,58,7,1,1,1,sea
29,58,7,1,1,1,NT
28,59,7,1,1,1,sea
29,59,7,1,1,1,sea
30,58,6,1,1,1,sea
31,58,6,1,1,1,sea
30,59,6,1,1,1,sea
31,59,6,1,1,1,sea
30,58,7,1,1,1,NT
31,58,7,1,1,1,sea
30,59,7,1,1,1,sea
31,59,7,1,1,1,sea
32,56,4,2,2,2,
34,56,4,2,2,2,
32,58,4,2,2,2,
34,58,4,2,2,2,
32,56,6,1,1,1,sea
33,56,6,1,1,1,NT
32,57,6,1,1,1,sea
33,57,6,1,1,1,sea
32,56,7,1,1,1,NT
33,56,7,1,1,1,NT
32,57,7,1,1,1,sea
33,57,7,1,1,1,NT
34,56,6,1,1,1,sea
35,56,6,1,1,1,sea
34,57,6,1,1,1,sea
35,57,6,1,1,1,sea
34,56,7,1,1,1,NT
35,56,7,1,1,1,NT
34,57,7,1,1,1,sea
35,57,7,1,1,1,sea
32,58,6,2,2,2,
34,58,6,2,2,2,
36,56,4,2,2,2,
38,56,4,2,2,2,
36,58,4,2,2,2,
38,58,4,2,2,2,
36,56,6,1,1,1,sea
37,56,6,1,1,1,sea
36,57,6,1,1,1,sea
37,57,6,1,1,1,sea
36,56,7,1,1,1,NT
37,56,7,1,1,1,NT
36,57,7,1,1,1,sea
37,57,7,1,1,1,sea
38,56,6,1,1,1,sea
39,56,6,1,1,1,sea
38,57,6,1,1,1,sea
39,57,6,1,1,1,sea
38,56,7,1,1,1,NT
39,56,7,1,1,1,sea
38,57,7,1,1,1,sea
39,57,7,1,1,1,sea
36,58,6,2,2,2,
38,58,6,2,2,2,
40,56,4,4,4,4,
44,56,4,2,2,2,
46,56,4,2,2,2,
44,58,4,2,2,2,
46,58,4,2,2,2,
44,56,6,2,2,2,
46,56,6,1,1,1,sea
47,56,6,1,1,1,QLD
46,57,6,1,1,1,sea
47,57,6,1,1,1,sea
46,56,7,1,1,1,QLD
47,56,7,1,1,1,QLD
46,57,7,1,1,1,QLD
47,57,7,1,1,1,QLD
44,58,6,2,2,2,
46,58,6,1,1,1,sea
47,58,6,1,1,1,sea
46,59,6,1,1,1,sea
47,59,6,1,1,1,sea
46,58,7,1,1,1,sea
47,58,7,1,1,1,QLD
46,59,7,1,1,1,sea
47,59,7,1,1,1,sea
48,56,4,2,2,2,
50,56,4,2,2,2,
48,58,4,2,2,2,
50,58,4,2,2,2,
48,56,6,1,1,1,sea
49,56,6,1,1,1,sea
48,57,6,1,1,1,sea
49,57,6,1,1,1,sea
48,56,7,1,1,1,QLD
49,56,7,1,1,1,sea
48,57,7,1,1,1,sea
49,57,7,1,1,1,sea
50,56,6,2,2,2,
48,58,6,2,2,2,
50,58,6,2,2,2,
52,56,4,4,4,4,
56,56,4,4,4,4,
60,56,4,4,4,4,
0,60,4,4,4,4,
4,60,4,4,4,4,
8,60,4,4,4,4,
12,60,4,4,4,4,
16,60,4,4,4,4,
20,60,4,4,4,4,
24,60,4,4,4,4,
28,60,4,4,4,4,
32,60,4,4,4,4,
36,60,4,4,4,4,
40,60,4,4,4,4,
44,60,4,4,4,4,
48,60,4,4,4,4,
52,60,4,4,4,4,
56,60,4,4,4,4,
60,60,4,4,4,4,
